                 #     TEMP:                 X_AVE:            ERROR:
                        0.5                8.960271e-01      8.764562e-03
			0.6                6.482331e-01      1.550913e-02
			0.7                4.457779e-01      7.504031e-03
			0.8                2.846379e-01      6.487861e-03
			0.9                2.007786e-01      3.662747e-03
			1.0                1.446990e-01      3.223523e-03
			1.1                1.120932e-01      2.741912e-03
			1.2                8.388160e-02      2.389185e-03
			1.3                7.021800e-02      1.501607e-03
			1.4                5.823050e-02      1.167749e-03
			1.5                5.020970e-02      8.029422e-04
			1.6                4.244140e-02      1.055439e-03
			1.7                3.844490e-02      9.098320e-04
			1.8                3.514800e-02      1.146785e-03
			1.9                2.931330e-02      1.027931e-03
			2.0                2.803780e-02      9.050904e-04