#     TEMP:          X_AVE:             ERROR:
       0.5           9.017839e-01      1.212157e-02
			 0.6           7.072571e-01      1.635435e-02
			 0.7           4.449335e-01      7.599614e-03
			 0.8           2.876668e-01      5.885978e-03
			 0.9           1.964862e-01      5.301924e-03
			 1.0           1.467247e-01      4.121293e-03
			 1.1           1.103475e-01      3.327531e-03
			 1.2           9.030110e-02      2.512993e-03
			 1.3           7.354020e-02      1.728546e-03
			 1.4           6.102900e-02      1.550193e-03
			 1.5           5.163980e-02      1.261013e-03
			 1.6           4.433440e-02      1.347892e-03
			 1.7           3.951380e-02      1.099222e-03
			 1.8           3.479770e-02      9.737944e-04
			 1.9           3.086070e-02      1.109878e-03
			 2.0           2.753280e-02      1.121697e-03