#     TEMP:          X_AVE:             ERROR:
      0.5          3.445714e-01       6.479521e-03
			0.6          4.130909e-01       4.816156e-03
			0.7          4.263790e-01       3.888915e-03
			0.8          4.368896e-01       3.086979e-03
			0.9          4.323930e-01       2.060844e-03
			1.0          4.160401e-01       1.389147e-03
			1.1          3.956111e-01       1.332562e-03
			1.2          3.715982e-01       9.468833e-04
			1.3          3.425374e-01       1.193072e-03
			1.4          3.164860e-01       7.612033e-04
			1.5          2.935112e-01       7.037019e-04
			1.6          2.701747e-01       5.718452e-04
			1.7          2.497200e-01       4.976851e-04
			1.8          2.303158e-01       5.749788e-04
			1.9          2.129698e-01       5.521703e-04
			2.0          1.973192e-01       5.710817e-04
			