#     TEMP:          X_AVE:           ERROR:
      0.5         7.683229e+01       9.178645e-01
			0.6         4.390178e+01       8.729902e-01
			0.7         2.419736e+01       4.513008e-01
			0.8         1.507795e+01       2.666565e-01
			0.9         1.006593e+01       1.495314e-01
			1.0         7.301069e+00       7.656621e-02
			1.1         5.575726e+00       4.851698e-02
			1.2         4.401911e+00       2.943838e-02
			1.3         3.584218e+00       2.343633e-02
			1.4         2.962406e+00       1.567976e-02
			1.5         2.496131e+00       1.511783e-02
			1.6         2.165671e+00       8.632293e-03
			1.7         1.885008e+00       7.109265e-03
			1.8         1.673258e+00       5.166377e-03
			1.9         1.495044e+00       4.591376e-03
			2.0         1.349473e+00       3.879834e-03
