       -0.781014         1.42007       -0.294692
       -0.525571        0.531041       -0.996005
         1.83624       0.0277676        -1.15989
         -1.5211         0.18205        0.603386
      -0.0148577         2.00084        0.321149
        -1.30536       -0.205697       -0.571437
        -0.61674       -0.371966       -0.108068
         2.18214        -0.83085         0.64001
        -1.52551        -0.15045         1.24606
        -0.34857        0.557959        0.269703
       -0.703566        0.262118        -1.57771
       -0.832185        -1.26886         -1.3279
       -0.242234       -0.351163         1.49816
          -2.261        0.269459        -1.46629
        0.540716         2.97365        -1.41227
        -1.65155        -1.87413        -0.24168
        0.693401         1.43081       -0.232198
        -1.64719        0.674021        -1.12584
        0.430026       -0.265355         1.55745
         1.43231         0.61334       -0.239351
        -1.21988       -0.389454       -0.242521
       0.0850796        -1.14086        -1.16417
         1.88425         1.41305        0.648637
         2.38787       -0.546026         1.00174
         1.17389         1.89131        -0.17299
        0.275956        -2.63975        0.605318
       -0.932182        -0.41189        0.178095
        -2.31328        -1.56642        0.572769
        -0.11616         0.78769        0.822198
        0.798885       -0.949305         1.26568
         0.60721        0.926637       -0.238306
         2.09586        -1.06003       -0.465746
        0.878999        -1.12058       -0.176054
        -1.03749        -2.89337        0.421199
        0.462413         1.07176        0.866389
        -1.05764        0.798498        0.877073
        0.916927         0.90639        0.503162
        0.557788        -2.48738      -0.0574795
         0.94586         0.91687        0.109223
        -1.67778       -0.604403        -2.43466
        0.558817        -1.69295        0.629252
         1.42032       -0.860504       -0.848587
       -0.874393       -0.765771        -1.99758
        0.394164      -0.0260431        0.293487
       -0.994469        0.178716       -0.271014
        0.896205         1.05636         2.01406
       -0.205223        -1.57323      -0.0785832
        -0.23018        -1.22442         1.19793
        0.534838        -0.81287         0.88513
      -0.0877148        0.797605        -1.04796
        -1.24473        0.556404      0.00747631
       -0.339802       -0.304189        0.697929
          1.4729        0.923015        0.913928
       -0.997849       -0.105204        -1.79017
       -0.181183        -1.26709        0.704155
        -1.51485         1.13661         1.43453
         1.00577         0.11845        0.396018
        0.300674         1.37546         1.26305
         1.02621       -0.712477       0.0101533
          1.3524        -1.08747         1.41877
       0.0220141         2.37151       -0.699949
       -0.777277        -1.19812        -2.42965
         1.13684         1.06305       -0.800403
       -0.844817        -0.24344        0.201049
        -1.70329        -1.27331       -0.215447
        0.954868         2.22958        -1.21207
       -0.406948         1.22397      -0.0468175
        -2.56428       -0.617265       0.0136326
         1.43218        0.300943        -1.06785
        0.291407        0.337718        -1.95005
         1.44721       -0.296634         1.00121
       -0.786943       -0.542299       -0.380767
       -0.551676         1.56295          1.9104
        -2.28825       -0.572046      -0.0563792
       -0.532821          1.0678        -2.04067
       -0.737685       -0.543548        0.139782
        -1.82079       -0.180089        0.120098
       -0.501093       -0.557536        0.411943
        0.925464       0.0746881       -0.283527
           1.601       -0.204648       -0.738345
         0.41824        0.188927        -2.52009
        -2.09254       -0.142148       -0.124524
         1.34792       -0.615954        -2.18683
        0.792184       0.0986831      0.00858029
       -0.285398       -0.714239        0.712667
         1.98511        0.954065       0.0602029
        0.884225       -0.495982               2
       -0.534305        0.265027        0.505094
         1.23916         0.79678        0.841357
        -1.92969        -2.03746        -0.83841
        0.379222         1.51354        0.915225
         1.27524        0.166697       -0.341462
        -1.70439        -1.60044         -1.0845
        -1.32697        -1.48606      -0.0536626
        0.904968        0.824883        -1.31645
         -1.0534        0.348638        0.145746
         1.78175       0.0790316       -0.650401
       -0.919163       -0.931487         1.94985
       0.0814314        0.175876         -0.2469
       -0.914924       -0.851555        0.785517
       -0.705511     -0.00744916        0.843401
         1.04664        -1.32718        0.715461
         2.41942         2.05709         0.63113
        0.971533         0.94359       -0.252003
         1.39048        0.156964        0.651813
        -1.92982         1.54657         1.11102
         0.34139         1.35334         1.42258
         1.69523        0.499202         0.30525
