0.0689801  0.00730446
0.514196  0.0129072
0.34699  0.0102385
0.338548  0.0114369
0.735421  0.0156703
0.865413  0.0204151
0.879639  0.0182071
0.872426  0.0193792
1.23879  0.0239384
0.49883  0.0136196
0.485148  0.0107736
1.18523  0.0236745
1.12833  0.0239803
0.748807  0.0157124
0.0780703  0.0111837
0.0732707  0.00962553
0.0755299  0.00922651
0.0929145  0.0107216
-0.00957333  0.00856716
-0.00100761  0.00904355
-0.0297444  0.00803316
0.686853  0.0154536
0.826613  0.0153033
0.126631  0.0110347
-0.199473  0.007147
-0.32114  0.00426663
-0.362853  0.00332599
-0.359976  0.00361086
-0.299045  0.00468276
-0.0872939  0.00814859
-0.0896266  0.00831605
-0.218548  0.0064605
-0.349856  0.0038749
-0.293626  0.00457575
-0.153516  0.00761719
-0.15394  0.00755767
-0.141042  0.00735043
-0.147837  0.00713163
-0.137495  0.00698743
0.185861  0.010689
-0.229374  0.00699423
-0.0901756  0.00743062
0.159634  0.00987824
-0.240435  0.00633717
-0.142158  0.00768212
-0.33647  0.00444865
-0.338109  0.00431414
-0.284753  0.00551364
-0.221526  0.0060996
0.0917987  0.0106514
-0.316853  0.00387131
-0.364608  0.00293006
-0.325077  0.0035536
-0.275859  0.0046188
-0.160746  0.00610153
-0.18214  0.00593328
-0.131287  0.00622953
0.0842583  0.00924252
0.134819  0.006246
0.0304156  0.00953751
-0.0826159  0.00749692
0.246366  0.0104969
0.445966  0.0131253
0.419482  0.0140931
1.22359  0.0235958
0.632101  0.0180833
0.223939  0.0095639
0.00529878  0.00686257
0.143283  0.00841233
0.451972  0.0113381
0.853996  0.0174639
1.58786  0.0285149
1.57423  0.0277146
1.08257  0.020941
1.06366  0.0201898
1.04983  0.0180894
1.11788  0.0165906
0.80537  0.0166938
0.812882  0.015806
0.981884  0.018984
0.978488  0.0153621
0.659722  0.00991935
0.885667  0.0109446
0.491859  0.0103446
0.486431  0.00970473
0.263013  0.00869908
0.302273  0.00958487
0.281405  0.00742511
0.201418  0.00805276
0.20927  0.00818115
0.198661  0.00767638
0.283717  0.0084332
0.219074  0.00910146
-0.0296166  0.00623124
0.00228457  0.00631225
-0.146335  0.00550775
0.0079588  0.00655452
0.0663945  0.0067236
0.203442  0.00702221
0.370814  0.00858798
0.350067  0.00771295
0.344911  0.00906769
0.395454  0.00903103
0.382433  0.00817844
0.652053  0.0089431
1.03933  0.0116362
1.07128  0.0122081
1.05523  0.0133398
0.729542  0.00945409
0.524612  0.00884251
0.663869  0.00981308
0.979497  0.0118687
1.28557  0.0133761
1.22151  0.0178461
1.23304  0.017689
1.24688  0.014272
1.25009  0.020812
1.25923  0.0214143
1.23741  0.0190769
0.647457  0.0117314
0.592128  0.00916706
0.525292  0.00983447
0.479803  0.00870528
0.468147  0.00888958
0.465399  0.00974374
0.479308  0.0095216
0.526365  0.00864855
0.534476  0.00970811
0.388705  0.00830112
0.254122  0.0086891
0.00353512  0.00621925
-0.0966514  0.00727308
-0.257648  0.00427891
-0.279128  0.00430443
-0.352305  0.00354737
-0.273224  0.00452134
-0.1729  0.00463155
-0.0698627  0.0058732
0.101418  0.00708919
0.226035  0.00769013
0.213219  0.00983538
-0.0653806  0.007728
0.00585974  0.00889986
0.241913  0.00973723
-0.031704  0.0082418
-0.254981  0.00524981
-0.253212  0.0063889
-0.22141  0.00558171
-0.268228  0.00389451
-0.169233  0.00516284
-0.131498  0.0056277
-0.189028  0.00556408
0.00710257  0.00679579
-0.0569383  0.00598494
-0.209685  0.00494118
-0.317909  0.00397666
-0.327921  0.00474906
-0.290646  0.00547299
-0.213514  0.00521749
-0.188961  0.00517967
-0.253946  0.00468081
-0.273569  0.00420375
-0.226308  0.00487849
-0.188485  0.00527255
-0.241498  0.00469716
-0.238267  0.00490932
-0.268214  0.00430642
-0.204781  0.00463187
-0.214025  0.00488809
-0.217222  0.00441879
-0.215323  0.00564321
-0.246056  0.00487396
-0.25277  0.00727947
-0.254796  0.00795062
-0.263555  0.00679774
-0.209042  0.0144848
-0.231449  0.0107441
-0.193078  0.0143245
-0.251554  0.00974495
-0.242981  0.00899595
-0.236087  0.0101306
-0.255945  0.00746358
-0.239092  0.0137094
-0.262238  0.00658475
-0.248598  0.00690991
-0.242289  0.0175583
-0.245306  0.00703505
-0.243634  0.00887726
-0.237884  0.00562116
-0.170289  0.00602441
-0.117832  0.00510383
-0.0824165  0.00513329
-0.122652  0.0058305
-0.130713  0.006271
-0.182628  0.00531318
-0.243395  0.00839842
-0.246885  0.00604241
-0.197333  0.00550455
-0.236046  0.00529883
-0.225036  0.00544872
-0.218531  0.00463587
-0.225112  0.00665516
-0.24967  0.00630671
-0.253116  0.00726832
-0.247025  0.00657555
-0.269565  0.00706394
-0.231305  0.0131016
-0.190423  0.0182853
-0.0147846  0.0262781
0.0190131  0.0346436
-0.0240593  0.0312978
0.201941  0.0431256
0.126098  0.0512721
0.00422067  0.0233417
-0.0384484  0.0305951
0.144835  0.0383007
0.459764  0.0574792
0.415124  0.0520029
0.411408  0.0468454
0.762957  0.0722663
0.460422  0.0685577
0.285595  0.045684
0.516513  0.0605386
0.595785  0.0601526
0.354095  0.0527782
0.310286  0.0366472
0.129261  0.0289535
0.422809  0.0616755
0.29525  0.0480274
0.154655  0.0371259
0.309385  0.0587085
0.306224  0.0482268
0.121864  0.034561
0.157127  0.0371794
0.212413  0.042199
0.0869484  0.035978
0.143129  0.0437526
0.11319  0.0362501
0.0977496  0.0314713
-0.0225234  0.0357504
-0.0650603  0.0259659
-0.0670548  0.0238953
0.00726018  0.030818
-0.124501  0.0231274
-0.0891577  0.0277681
-0.075071  0.0254278
-0.108617  0.0218317
-0.0152202  0.0266517
0.00815497  0.0272286
-0.118452  0.0216274
-0.0107709  0.0308659
-0.18952  0.0155846
-0.0956829  0.0239332
-0.0110892  0.0304148
-0.0601897  0.0242097
-0.0446591  0.0318094
-0.0475255  0.0252673
-0.0265903  0.025823
-0.0378657  0.02563
-0.0477024  0.0315407
-0.103975  0.0203545
-0.171887  0.015575
-0.167674  0.017125
-0.122207  0.0188536
-0.0774957  0.0246721
-0.116837  0.0188845
-0.208609  0.0147971
-0.110837  0.0208324
-0.0612885  0.0253982
-0.181248  0.0153188
-0.237794  0.00934145
-0.21743  0.0140776
-0.21463  0.0109223
-0.231792  0.0129
-0.180327  0.017951
-0.215339  0.0150755
-0.173456  0.0187139
-0.230725  0.0106669
-0.195735  0.0172042
-0.191873  0.0162054
-0.122901  0.0269089
-0.156915  0.019979
-0.160306  0.0179078
-0.180504  0.012531
-0.0969713  0.0273007
-0.0739263  0.0253568
-0.145361  0.0233229
-0.182825  0.0140961
-0.202232  0.0142827
-0.128036  0.0193202
-0.147299  0.0183559
-0.229521  0.0103567
-0.159928  0.016284
-0.0945562  0.0233164
0.158626  0.0423132
-0.0168238  0.0266509
-0.136127  0.0194874
-0.141247  0.0191287
-0.158768  0.0237384
-0.183584  0.0144214
-0.173062  0.0165257
-0.119806  0.0238108
-0.210152  0.017988
-0.239455  0.00886792
-0.266913  0.00761265
-0.260917  0.0100173
-0.247055  0.0127807
-0.246  0.0103515
-0.242235  0.0137715
-0.25946  0.00529681
-0.26549  0.00621641
-0.250832  0.00820228
-0.262862  0.0068236
-0.239359  0.0108172
-0.246147  0.00914201
-0.225652  0.0122312
-0.236813  0.0113269
-0.201218  0.0136685
-0.131075  0.0216453
-0.194646  0.017194
-0.0911719  0.0278908
-0.144714  0.0208093
-0.187161  0.0155883
-0.240052  0.0145862
-0.22223  0.0134183
-0.196025  0.017017
-0.213697  0.0137393
-0.101406  0.0304989
-0.118012  0.0209041
-0.0296592  0.0290919
-0.0515708  0.0270605
0.0999326  0.0493284
0.130459  0.0369493
0.110106  0.0425631
0.225652  0.047241
0.273859  0.0460753
0.216689  0.0498949
0.307011  0.0543129
0.214564  0.0379554
0.0421887  0.0357376
0.0437758  0.0303629
0.0651056  0.0310685
0.0159507  0.0311102
-0.00570351  0.0248361
0.122447  0.0487749
0.142738  0.0361228
-0.0229506  0.0305484
0.00272196  0.0338786
0.105348  0.0350617
0.139908  0.0338374
0.398703  0.055603
0.37188  0.0450222
0.197256  0.0407682
0.285676  0.0507015
0.515632  0.0581515
0.249586  0.0431666
0.415586  0.0533575
0.222046  0.0474163
0.0421884  0.0343109
0.149958  0.0386322
0.0873346  0.0471373
0.27853  0.0532547
-0.0670352  0.0223229
-0.0435769  0.0307072
-0.104464  0.0247788
-0.138304  0.0200682
-0.145551  0.0168197
-0.120573  0.0216718
-0.192032  0.0178023
-0.18491  0.0177055
-0.204532  0.0172362
-0.213723  0.015583
-0.253301  0.00924358
-0.222992  0.0147993
-0.224749  0.0126537
-0.246171  0.0101767
-0.20717  0.012865
-0.225595  0.0109834
-0.229939  0.013467
-0.213784  0.016721
-0.242307  0.00818847
-0.225087  0.0113853
-0.239953  0.00959864
-0.234872  0.011193
-0.250731  0.0102222
-0.23157  0.0116509
-0.235557  0.0113425
-0.231105  0.0122431
-0.165525  0.0169635
-0.0903655  0.020936
-0.120977  0.0193862
-0.193767  0.0138176
-0.171004  0.0204593
-0.185697  0.0158088
-0.199693  0.0138953
-0.168667  0.0139061
-0.1756  0.0187168
-0.133084  0.0243266
0.00147005  0.0386467
-0.180382  0.0178531
-0.199992  0.0181706
-0.258659  0.00914088
-0.265036  0.00906002
-0.220739  0.0133394
-0.208756  0.0164901
-0.169031  0.0225645
-0.234033  0.0114976
-0.174089  0.0190937
-0.23668  0.0170709
-0.227733  0.0109058
-0.242018  0.0114717
-0.223921  0.0134811
-0.251859  0.0108379
-0.245925  0.0107524
-0.21637  0.0116584
-0.232966  0.0136119
-0.215917  0.0146132
-0.158433  0.0168935
-0.144405  0.0186501
-0.108486  0.022275
-0.0271234  0.027217
-0.0418835  0.0240375
0.186391  0.0504909
0.173024  0.0405397
0.119455  0.0305255
-0.0143041  0.0265146
0.114645  0.0382057
0.000349515  0.0255209
-0.0319092  0.0275861
0.146616  0.0327909
0.0577543  0.0384324
0.192582  0.0406995
0.190287  0.0378316
0.110155  0.0388179
0.0301442  0.0300191
-0.0233923  0.0287073
-0.0650587  0.0284096
-0.104502  0.02004
-0.0928436  0.0243536
-0.0660113  0.023503
-0.0149702  0.0313522
0.0395558  0.028034
0.0855619  0.0464742
-0.0794204  0.0243667
-0.0234261  0.0284445
-0.0741634  0.0248459
0.0353668  0.0352769
0.143523  0.0313251
0.203353  0.0383887
0.0899986  0.033419
0.216331  0.0457658
0.0481386  0.0313707
-0.0745951  0.0258865
-0.0809775  0.0231411
-0.191759  0.0142922
-0.159389  0.017579
-0.191479  0.0155892
-0.126334  0.0290041
-0.142554  0.0192935
-0.168241  0.018198
-0.178484  0.0186862
-0.193785  0.0144347
-0.177718  0.0165019
-0.238217  0.0108797
-0.261211  0.00695694
-0.249973  0.00865519
-0.25528  0.00684432
-0.246931  0.00685725
-0.255404  0.00587182
-0.240821  0.00781405
-0.242766  0.00773822
-0.240316  0.00827025
-0.255775  0.00626049
-0.246817  0.00632821
-0.254299  0.00471793
-0.239185  0.0115974
-0.249303  0.00618579
-0.243431  0.00626091
-0.247387  0.00940037
-0.235163  0.0124208
-0.247106  0.0111053
-0.217042  0.0130537
-0.221818  0.011258
-0.239966  0.0130659
-0.217774  0.0128146
-0.2428  0.0108897
-0.193371  0.018383
-0.247346  0.0108202
-0.243373  0.010564
-0.232714  0.0175984
-0.221634  0.0129397
-0.247047  0.0129703
-0.214901  0.018557
-0.22748  0.0111454
-0.195919  0.0142
-0.238873  0.0110143
-0.261982  0.00864388
-0.233817  0.0107675
-0.225123  0.0124186
-0.249719  0.0102605
-0.246205  0.0092448
-0.259611  0.00609772
-0.264408  0.0070072
-0.258131  0.00596
-0.248656  0.00772332
-0.257877  0.00856518
-0.257137  0.00900689
-0.269382  0.00715112
-0.253819  0.00531337
-0.25706  0.00768233
-0.258816  0.00955506
-0.221814  0.00619693
-0.247496  0.00571304
-0.25363  0.00835511
-0.250995  0.00613117
-0.249884  0.00861388
-0.252958  0.00708173
-0.235579  0.009337
-0.241044  0.00630342
-0.237576  0.00772804
-0.257552  0.0124737
-0.253377  0.00700052
-0.248611  0.00836369
-0.240832  0.0115591
-0.217741  0.0120327
-0.234465  0.0111749
-0.244999  0.0098853
-0.208103  0.0158669
-0.244024  0.0121878
-0.252807  0.00879616
-0.269431  0.00632271
-0.259383  0.00808918
-0.251539  0.00707424
-0.237367  0.0114733
-0.244517  0.0114398
-0.21949  0.0117374
-0.237804  0.0129862
-0.23147  0.0131552
-0.24295  0.00986316
-0.229542  0.0130257
-0.238785  0.010835
-0.232064  0.0139021
-0.239964  0.010652
-0.223769  0.0118745
-0.180175  0.015479
-0.0943482  0.028128
-0.120949  0.0294665
-0.129431  0.0193516
-0.160111  0.0252326
-0.167008  0.0214642
-0.180758  0.0152849
-0.154223  0.0184965
-0.0688764  0.0233732
0.0118079  0.031484
0.021772  0.0248751
0.101385  0.0345352
-0.00917935  0.0290117
0.144543  0.0477588
0.0264719  0.0368236
0.0133209  0.0428621
-0.0509191  0.0262876
-0.140005  0.0170426
-0.108406  0.0178103
-0.179671  0.0157177
-0.164802  0.0195959
-0.123507  0.0210558
-0.0433102  0.0241056
0.0215061  0.0286694
-0.00747586  0.0323568
0.0485103  0.0290316
-0.0442793  0.0266223
0.00335852  0.0279941
0.107024  0.0389562
0.126764  0.0348168
0.355215  0.0488326
0.145833  0.0516239
0.281118  0.0485349
0.191383  0.0503239
0.244515  0.0413077
0.683053  0.0687622
0.563114  0.0533433
0.762459  0.076534
0.705936  0.0702218
0.724771  0.0875857
0.648576  0.0656264
0.592962  0.0642938
0.539241  0.0577242
0.515587  0.062102
0.691417  0.0772541
0.865103  0.0943618
0.723699  0.0712931
0.700163  0.0660899
0.561794  0.0720203
0.45896  0.0712235
0.452474  0.0504757
0.608967  0.0571132
0.600401  0.0647375
0.669608  0.0659967
0.699286  0.0711626
0.647964  0.0548848
0.723986  0.0629826
0.760006  0.0820206
0.541378  0.0701613
0.467714  0.0594527
0.508888  0.0529283
0.542308  0.0588743
0.513785  0.0760922
0.543269  0.0553967
0.769415  0.0655471
0.861152  0.0892019
0.887527  0.0722994
0.800064  0.101599
0.754648  0.0759046
0.83628  0.078956
0.58288  0.06518
0.434099  0.0583361
0.260274  0.0396383
0.395972  0.0541364
0.547877  0.0568943
0.52135  0.0593785
0.60875  0.0565631
0.709819  0.0759603
0.568614  0.0560589
0.626252  0.0710518
0.580894  0.0674022
0.650609  0.0687635
0.524862  0.0604967
0.518571  0.0563902
0.490701  0.0503755
0.557719  0.0681275
0.493613  0.0541826
0.486301  0.0524226
0.520238  0.0721142
0.578896  0.065403
0.662217  0.0674421
0.552847  0.0588922
0.677995  0.072417
0.549622  0.0622683
0.59258  0.0772677
0.521209  0.0593297
0.420335  0.0520856
0.439443  0.0660653
0.391088  0.0616528
0.296937  0.0657172
0.0976873  0.0357349
0.244338  0.0591073
0.145967  0.0515597
0.168881  0.0390688
0.0864366  0.0420375
0.20529  0.0429662
0.337703  0.0560489
0.150241  0.0372935
0.110628  0.0528651
0.00290337  0.0291314
0.0356431  0.029592
-0.063211  0.0289232
-0.105008  0.0252346
-0.167309  0.0198919
-0.1543  0.019562
-0.136817  0.0264311
-0.118303  0.018766
-0.153221  0.0298201
-0.203511  0.0148806
-0.170203  0.0185614
-0.168645  0.020607
-0.132141  0.0194263
-0.139848  0.0164782
-0.165476  0.018113
-0.21646  0.0116133
-0.238235  0.00789018
-0.233786  0.0107714
-0.251281  0.0101744
-0.261342  0.00673346
-0.243984  0.00835379
-0.241168  0.00922985
-0.248048  0.0110789
-0.249515  0.00960722
-0.23766  0.00921718
-0.247571  0.00607503
-0.245635  0.00580278
-0.243358  0.00700729
-0.246399  0.010195
-0.253027  0.00800581
-0.24154  0.00610008
-0.253048  0.00602502
-0.238255  0.00944499
-0.244961  0.0147648
-0.239061  0.0119576
-0.203604  0.0163686
-0.203665  0.0126966
-0.22604  0.0126244
-0.183599  0.0142298
-0.187577  0.0158639
-0.135402  0.0184675
-0.182976  0.0147706
-0.199548  0.0152575
-0.188073  0.0143532
-0.215229  0.0136808
-0.254875  0.00836505
-0.229695  0.0130675
-0.24162  0.00959529
-0.16696  0.0223515
-0.182598  0.0166556
-0.231802  0.0123093
-0.239351  0.014507
-0.20572  0.0196651
-0.191857  0.0186602
-0.147914  0.0252256
-0.163045  0.0221647
-0.200475  0.0130686
-0.186305  0.0224749
-0.207869  0.0147591
-0.235371  0.0127102
-0.229617  0.0143887
-0.242201  0.00938806
-0.237877  0.00998361
-0.241866  0.00926592
-0.252501  0.00716112
-0.233718  0.0183827
-0.222017  0.0121045
-0.182058  0.0149838
-0.0703338  0.0231578
-0.123201  0.0186756
-0.0839238  0.0240697
-0.111316  0.0213653
-0.0988102  0.0220247
-0.15497  0.0179193
-0.0953387  0.022924
-0.109811  0.0240095
-0.0718322  0.0287809
-0.17027  0.0163601
-0.126161  0.0223689
-0.072452  0.038214
-0.186842  0.0161062
-0.198482  0.0172504
-0.239546  0.0123511
-0.217382  0.0122198
-0.183247  0.0241481
-0.147015  0.0229985
-0.181016  0.0172164
-0.185041  0.0153986
-0.173245  0.0207798
-0.107252  0.0221618
-0.166696  0.0181403
-0.100461  0.0235001
-0.0588545  0.0239784
-0.113254  0.0236684
-0.107057  0.0240728
-0.0631636  0.0275231
-0.109532  0.0191203
-0.0854062  0.0243097
-0.104927  0.0214233
-0.0845644  0.0250612
-0.0862362  0.0248314
-0.134211  0.02092
-0.15768  0.0180144
-0.15828  0.0166203
-0.129536  0.0202619
-0.141412  0.0194214
-0.0895722  0.0203471
-0.0649461  0.0186178
0.112562  0.0381752
0.119425  0.0326926
0.0777239  0.0272126
0.0484573  0.0374343
0.0554606  0.04135
0.0966926  0.0347816
-0.0527679  0.0243331
-0.0406364  0.0259858
-0.0902718  0.0225275
-0.100683  0.0270457
-0.157715  0.0196483
-0.119214  0.0344437
-0.185926  0.0137964
-0.178182  0.0186466
-0.128987  0.0226315
-0.116159  0.0229228
-0.151895  0.0190228
-0.213304  0.0172539
-0.16327  0.0172723
-0.214666  0.0176627
-0.240872  0.00918479
-0.237947  0.0124724
-0.24817  0.00867262
-0.241138  0.00936486
-0.249486  0.0077173
-0.245264  0.00762038
-0.241667  0.0114683
-0.23519  0.0114606
-0.243757  0.0113893
-0.244565  0.00915083
-0.245479  0.00890959
-0.22449  0.0146764
-0.20106  0.0170881
-0.233525  0.0130518
-0.237826  0.0100598
-0.188615  0.0153454
-0.21209  0.0147605
-0.224295  0.011484
-0.219162  0.0120368
-0.236793  0.0112003
-0.24758  0.00847466
-0.24473  0.00767553
-0.242406  0.00889407
-0.261637  0.00674906
-0.246534  0.00884088
-0.243897  0.00983657
-0.2491  0.0082017
-0.252191  0.00735855
-0.24544  0.00891642
-0.269326  0.00701156
-0.25443  0.00878705
-0.2283  0.00912257
-0.249503  0.00641006
-0.242797  0.0122477
-0.252508  0.00713672
-0.238342  0.0116516
-0.254872  0.00750932
-0.259855  0.00659682
-0.255491  0.00699571
-0.250367  0.00877196
-0.248334  0.00834451
-0.249544  0.00752013
-0.271136  0.0058704
-0.239324  0.011317
-0.224336  0.0115787
-0.232489  0.0138654
-0.231616  0.0146194
-0.227226  0.0168432
-0.184813  0.014613
-0.244651  0.0129016
-0.241902  0.0100683
-0.240647  0.0119704
-0.24905  0.0092858
-0.236812  0.0133747
-0.219862  0.0122928
-0.214578  0.0166546
-0.195254  0.0143568
-0.233505  0.0119799
-0.214501  0.0121308
-0.214695  0.0122285
-0.241002  0.0100729
-0.234879  0.0123235
-0.23599  0.0116241
-0.189422  0.0172156
-0.240579  0.0108275
-0.250439  0.0114427
-0.240495  0.00911585
-0.252684  0.0103793
-0.242386  0.00899795
-0.259112  0.00747099
-0.235321  0.0113368
-0.249349  0.0105161
-0.238456  0.01308
-0.270341  0.00760159
-0.256381  0.00966189
-0.265292  0.0100467
-0.266465  0.00767911
-0.275082  0.00921884
-0.273488  0.00829792
-0.291371  0.00688234
-0.279503  0.00978404
-0.307209  0.0083819
-0.298635  0.00679319
-0.310796  0.00606616
-0.305311  0.00471683
-0.306098  0.00556585
-0.306923  0.00493922
-0.300556  0.00532619
-0.297948  0.00493485
-0.29019  0.00466369
-0.293015  0.00568329
-0.304627  0.00468739
-0.303811  0.00416044
-0.304125  0.00550878
-0.295684  0.00592147
-0.278016  0.012709
-0.315547  0.00679414
-0.301829  0.006672
-0.313116  0.00641177
-0.303275  0.00678057
-0.296999  0.00785162
-0.3152  0.00517103
-0.304363  0.00738339
-0.308007  0.00494346
-0.31499  0.0037708
-0.298856  0.00523818
-0.276171  0.00559047
-0.28876  0.00616907
-0.288305  0.00695085
-0.310185  0.00471496
-0.300715  0.00683297
-0.306975  0.00643305
-0.315803  0.00621447
-0.320409  0.00488327
-0.315298  0.0059347
-0.302437  0.00919665
-0.331171  0.00709584
-0.34215  0.00482353
-0.323478  0.00733647
-0.287629  0.00890493
-0.274375  0.0106753
-0.310448  0.00885625
-0.325067  0.00608866
-0.311683  0.00701699
-0.288861  0.0107807
-0.285043  0.00902786
-0.276739  0.00864374
-0.290203  0.0081192
-0.281786  0.0133568
-0.261597  0.0101039
-0.277386  0.00806571
-0.285424  0.00862767
-0.249567  0.016487
-0.260728  0.00825884
-0.251503  0.00985891
-0.241248  0.0104615
-0.221036  0.0130772
-0.201725  0.0193865
-0.208926  0.0142956
-0.15737  0.0186242
-0.149652  0.0192265
-0.12404  0.0172167
-0.0740751  0.0216266
-0.0521902  0.0314397
-0.102142  0.0213588
-0.119886  0.0180293
-0.0761808  0.0232644
-0.12316  0.0247851
-0.185952  0.01735
-0.205806  0.0174809
-0.192673  0.0158616
-0.180938  0.0166047
-0.19611  0.0194583
-0.222811  0.0159233
-0.19809  0.0148304
-0.245601  0.0126587
-0.246867  0.012204
-0.227287  0.0122939
-0.238148  0.0118131
-0.253016  0.0100672
-0.257647  0.00867394
-0.250277  0.00901842
-0.238835  0.0118949
-0.25132  0.00761078
-0.248397  0.00925063
-0.291329  0.00664788
-0.261756  0.00626993
-0.248226  0.00601119
-0.257159  0.00855616
-0.247821  0.00988792
-0.248454  0.00922276
-0.251359  0.00673954
-0.267992  0.00564191
-0.263171  0.00542721
-0.260142  0.00596405
-0.248081  0.00781378
-0.248216  0.0061626
-0.258042  0.00684837
-0.246069  0.00706708
-0.262399  0.00589567
-0.23278  0.00715789
-0.244972  0.00717272
-0.254864  0.00548159
-0.220447  0.00557957
-0.20583  0.0056205
-0.209514  0.00616073
-0.190976  0.00497017
-0.146762  0.00528982
-0.156064  0.00548192
-0.166529  0.00478961
-0.186705  0.00532223
-0.149798  0.00492965
-0.125742  0.00615144
-0.133068  0.00576786
-0.140422  0.0058094
-0.155657  0.0053952
-0.153759  0.00623338
-0.196257  0.00565965
-0.18322  0.00527636
-0.167827  0.00593163
-0.163934  0.00575822
-0.126645  0.004781
-0.0927137  0.00600306
-0.105621  0.00544596
-0.0664906  0.00732346
-0.10699  0.00635766
-0.0453685  0.00656403
-0.0402638  0.00616646
0.0189799  0.00655121
0.0199835  0.00648506
0.00244001  0.00643732
0.0219808  0.00786318
0.000563927  0.00711494
0.000264436  0.00674795
0.00334394  0.00618485
-0.0777249  0.00649058
-0.0468032  0.00605039
-0.0718667  0.00607881
-0.0423142  0.00643859
-0.053264  0.00625881
-0.0356322  0.00580946
-0.0700825  0.00601029
-0.040735  0.00650474
-0.0134891  0.00716
-0.0400337  0.00670884
-0.0445484  0.00633104
-0.0236555  0.00644286
-0.073449  0.00745217
-0.0878087  0.00543066
-0.0678826  0.00555775
-0.0779158  0.00602102
-0.0858346  0.00585923
-0.103552  0.00600178
-0.102891  0.00651486
-0.114173  0.00590227
-0.125642  0.00618485
-0.163708  0.00511545
-0.160638  0.00511962
-0.138494  0.00605853
-0.132923  0.00575527
-0.203623  0.00536055
-0.241819  0.0044851
-0.225297  0.00592387
-0.232603  0.00471038
-0.211444  0.00476831
-0.201487  0.00501561
-0.208961  0.00456648
-0.151038  0.00502639
-0.200865  0.00530663
-0.169983  0.00521985
-0.17594  0.00594971
-0.140763  0.00589472
-0.128853  0.00591535
-0.121002  0.00542009
-0.142633  0.00568642
-0.103621  0.00591831
-0.105125  0.00589612
-0.100712  0.00590231
-0.144848  0.0056269
-0.083382  0.00563373
-0.11889  0.00513257
-0.119762  0.00531633
-0.158546  0.00526642
-0.181417  0.00471311
-0.188372  0.00562555
-0.20467  0.00496721
-0.177773  0.00502399
-0.213998  0.00539355
-0.221611  0.00473531
-0.265347  0.00432138
-0.275549  0.00424071
-0.267256  0.00472421
-0.265279  0.00400423
-0.259751  0.00517248
-0.251879  0.00478817
-0.254715  0.00500905
-0.266285  0.00529577
-0.272213  0.00553032
-0.279826  0.00440892
-0.290585  0.00412245
-0.28758  0.00504036
-0.300126  0.00509915
-0.310124  0.00510547
-0.310116  0.00559808
-0.297456  0.00438165
-0.328407  0.0041826
-0.298408  0.00467065
-0.265536  0.00459984
-0.282516  0.00416186
-0.280525  0.00461012
-0.26141  0.00429997
-0.268256  0.00464576
-0.266867  0.00363943
-0.270354  0.00454374
-0.277076  0.00423909
-0.307282  0.00397874
-0.294462  0.004946
-0.308735  0.0049503
-0.294876  0.00464423
-0.301363  0.00477495
-0.288983  0.00479923
-0.294909  0.00551637
-0.271402  0.00623126
-0.294184  0.00563364
-0.311892  0.00452303
-0.296011  0.00481748
-0.286034  0.0052348
-0.267543  0.00497258
-0.268104  0.00537775
-0.269968  0.00544439
-0.27104  0.00832244
-0.273405  0.00515561
-0.276771  0.0078237
-0.289198  0.00564018
-0.290411  0.00504255
-0.276274  0.00718823
-0.281349  0.00480183
-0.278518  0.00526184
-0.288862  0.00478971
-0.293374  0.00716394
-0.294888  0.00603261
-0.307134  0.00542172
-0.293851  0.00626654
-0.307045  0.00787719
-0.30314  0.00591249
-0.298025  0.00550664
-0.298049  0.00582046
-0.283078  0.00660078
-0.286516  0.0058087
-0.283271  0.00527059
-0.291643  0.00554737
-0.285407  0.00667934
-0.290616  0.00643955
-0.278668  0.00550315
-0.28054  0.00586345
-0.273016  0.00444164
-0.263601  0.00696766
-0.266987  0.00520821
-0.248798  0.00542005
-0.261674  0.00562479
-0.265801  0.005503
-0.259768  0.00494517
-0.255023  0.00522397
-0.25322  0.00547031
-0.25242  0.00426633
-0.243435  0.00486755
-0.263832  0.00555632
-0.285941  0.00577269
-0.277683  0.00741077
-0.29212  0.00554652
-0.282252  0.00546705
-0.283296  0.00788221
-0.273522  0.00777167
-0.268299  0.00680942
-0.280236  0.0056999
-0.277817  0.00536964
-0.257502  0.00840894
-0.277719  0.00589282
-0.258373  0.00489329
-0.280718  0.00528119
-0.28067  0.00651174
-0.279562  0.00640561
-0.280054  0.00845214
-0.281486  0.00828632
-0.28187  0.00752852
-0.264274  0.0106634
-0.269146  0.0102629
-0.279693  0.00567934
-0.274017  0.00552985
-0.27454  0.00494179
-0.257427  0.00445277
-0.23557  0.00509314
-0.228531  0.00493623
-0.270447  0.00576449
-0.261435  0.00562573
-0.263132  0.00637464
-0.257213  0.0053872
-0.235198  0.0053619
-0.231575  0.00514543
-0.225792  0.00502948
-0.231523  0.00545837
-0.255935  0.00595477
-0.265256  0.00476334
-0.256976  0.00533209
-0.268166  0.00488743
-0.269913  0.00460703
-0.283525  0.00453085
-0.286615  0.00559539
-0.293012  0.0049848
-0.279067  0.00459277
-0.290964  0.00554824
-0.287475  0.00448646
-0.258724  0.00495827
-0.293253  0.0055922
-0.294541  0.00520099
-0.274833  0.00502456
-0.271305  0.00426997
-0.267756  0.00529384
-0.266122  0.00484437
-0.26225  0.00475942
-0.253115  0.00587111
-0.264061  0.00499947
-0.248724  0.00541661
-0.236179  0.00508923
-0.24365  0.00508328
-0.261399  0.00438602
-0.26476  0.00450076
-0.2438  0.00487869
-0.244877  0.00481537
-0.229593  0.00542365
-0.232839  0.00497156
-0.235164  0.00490232
-0.239915  0.00570975
-0.220593  0.00508645
-0.256277  0.00466389
-0.254984  0.0044625
-0.275566  0.00455021
-0.262019  0.00394349
-0.270916  0.0043924
-0.285918  0.00447935
-0.287995  0.0042694
-0.293459  0.00409096
-0.306816  0.0040667
-0.319418  0.00415087
-0.31662  0.004806
-0.319926  0.00343768
-0.333216  0.00395366
-0.330741  0.00453969
-0.321501  0.00406249
-0.308366  0.00371244
-0.295269  0.00516544
-0.315758  0.00422354
-0.328349  0.00401787
-0.316995  0.00421904
-0.310032  0.00362639
-0.324097  0.00379204
-0.332791  0.00398743
-0.355382  0.00436829
-0.374904  0.00420255
-0.381315  0.00354052
-0.380227  0.00342461
-0.388198  0.00438049
-0.37727  0.00329234
-0.365181  0.00327262
-0.364645  0.00331113
-0.353584  0.00359738
-0.370765  0.00285338
-0.395542  0.00277189
-0.412225  0.0021364
-0.425567  0.0023284
-0.419548  0.00255854
-0.422032  0.00293348
-0.418548  0.0025698
-0.407885  0.00310248
-0.405945  0.00375719
-0.392584  0.00325772
-0.393564  0.00332209
-0.402841  0.00346129
-0.397828  0.00438464
-0.39754  0.00366621
-0.404042  0.00388275
-0.383812  0.00532633
-0.404813  0.00553377
-0.410364  0.00341111
-0.404405  0.00315411
-0.411901  0.0027275
-0.404446  0.00320479
-0.407534  0.00347849
-0.402382  0.00395675
-0.399281  0.00352571
-0.416074  0.00317274
-0.399116  0.00353326
-0.387263  0.00368444
-0.393101  0.00382579
-0.363987  0.00517294
-0.369384  0.00484792
-0.364256  0.00405143
-0.35033  0.00555091
-0.362338  0.00542811
-0.351067  0.00589196
-0.366695  0.00330019
-0.351179  0.00377655
-0.364379  0.00361362
-0.351692  0.00402973
-0.352259  0.00436457
-0.354514  0.00481704
-0.339404  0.00369811
-0.347113  0.00357138
-0.328311  0.00448159
-0.315561  0.00423484
-0.302471  0.00367501
-0.311276  0.00465438
-0.298063  0.00364324
-0.297926  0.00474524
-0.299751  0.00485017
-0.304611  0.00352222
-0.311959  0.00424359
-0.304145  0.00346727
-0.314818  0.00446281
-0.333238  0.00399517
-0.325986  0.00395536
-0.299793  0.00373332
-0.30269  0.00396804
-0.306306  0.00399564
-0.318115  0.00362771
-0.292066  0.00416091
-0.278255  0.0040077
-0.304174  0.00412941
-0.299738  0.00414929
-0.30443  0.00469854
-0.320267  0.00449881
-0.311504  0.00392787
-0.324107  0.00472055
-0.327976  0.00447977
-0.312803  0.00432542
-0.307785  0.00474015
-0.294974  0.00541196
-0.307889  0.00457342
-0.326169  0.0044057
-0.331054  0.00391566
-0.339638  0.00417459
-0.36494  0.00392528
-0.344595  0.00417044
-0.339275  0.00414399
-0.319551  0.00414181
-0.338953  0.00342126
-0.311122  0.00404443
-0.311937  0.00416026
-0.313769  0.0043125
-0.291355  0.00396202
-0.303071  0.00400464
-0.288087  0.00401193
-0.260746  0.00418874
-0.244645  0.00534705
-0.245099  0.00449364
-0.225144  0.00564224
-0.193351  0.00477848
-0.221011  0.00519895
-0.22801  0.00457226
-0.255821  0.00418693
-0.257122  0.00424452
-0.243134  0.00433735
-0.233443  0.00502768
-0.255951  0.00465594
-0.243963  0.00479408
-0.209526  0.00525754
-0.224344  0.00425902
-0.213518  0.00486984
-0.220122  0.00493204
-0.229911  0.0055495
-0.23987  0.00452077
-0.231491  0.00537856
-0.235256  0.00478898
-0.220039  0.00510381
-0.216772  0.00461744
-0.187025  0.00454998
-0.172666  0.00511217
-0.120929  0.00567041
-0.164721  0.00492988
-0.156991  0.0058916
-0.189244  0.00512197
-0.182502  0.00533317
-0.199468  0.00533939
-0.142269  0.00575937
-0.158365  0.00589005
-0.177265  0.00409794
-0.192763  0.00508124
-0.169019  0.00492321
-0.188751  0.00500471
-0.178804  0.00542796
-0.115287  0.00565149
-0.137714  0.00610428
-0.101239  0.00505981
-0.0702327  0.00597213
-0.0912486  0.00696741
-0.135059  0.00568756
-0.140869  0.00501694
-0.122498  0.00611669
-0.13662  0.00604107
-0.137378  0.00560505
-0.123607  0.00556185
-0.143243  0.00602922
-0.0792728  0.00578732
-0.107823  0.00542172
-0.104727  0.00559274
-0.159019  0.00562024
-0.150675  0.00523588
-0.122349  0.00536097
-0.090601  0.00631992
-0.103487  0.0057075
-0.104639  0.00591727
-0.130405  0.00615736
-0.0551377  0.00604894
-0.0239451  0.00552145
-0.0319518  0.00527534
-0.0189567  0.00621459
-0.0332186  0.00673147
-0.0721747  0.00604273
-0.0545008  0.00571474
-0.0713424  0.00560891
-0.0590307  0.0067706
-0.00778478  0.00804275
0.0344213  0.00680092
-0.0226457  0.00593678
-0.0329141  0.00705252
-0.0413114  0.00698491
-0.0475647  0.00684619
-0.0594972  0.00673012
-0.068185  0.00645395
-0.0230698  0.00553331
-0.0732484  0.00658013
-0.0180982  0.0064233
-0.00493604  0.00583935
-0.00231222  0.006139
0.0444479  0.00634858
0.0485402  0.0070404
0.0321645  0.00675782
0.0162064  0.00668277
0.00265511  0.0051998
0.0366006  0.00731821
0.0127817  0.00681963
-0.0433917  0.0060109
-0.0820228  0.0063039
-0.051001  0.00573248
-0.0325134  0.00598674
0.0245242  0.00847897
0.0157676  0.00711608
0.0337986  0.00671458
0.0844531  0.00754417
0.048908  0.00593326
-0.00977507  0.00650121
-0.0250893  0.00568545
-0.0542955  0.00644399
-0.00887254  0.0057996
0.00531132  0.00618003
-0.0172932  0.00657272
-0.00327628  0.00689822
-0.00231634  0.00624716
0.0043007  0.00688956
0.0148197  0.00696251
0.0514155  0.00681171
0.062788  0.00736481
0.0655498  0.0073745
0.0721644  0.00675617
0.0853267  0.00678806
0.122085  0.00683464
0.0475328  0.00630204
0.0668195  0.00822707
0.11173  0.00749852
0.121143  0.00761656
0.0941047  0.00594594
0.092305  0.00642496
0.092682  0.00620254
0.130731  0.00738136
0.118994  0.0068503
0.134104  0.00711484
0.0991475  0.00669809
0.120692  0.00722471
0.089996  0.00574855
0.0716364  0.00658067
0.0718678  0.00779664
0.0185395  0.00701522
0.0211119  0.00713625
0.0781105  0.00722149
0.0235992  0.00637662
0.070302  0.0083011
0.050666  0.00662083
0.0304375  0.00627675
0.0144845  0.00730095
0.0245519  0.00639867
0.0446278  0.00685743
0.0915853  0.00680573
0.0738819  0.00663511
0.0170023  0.00611402
0.017619  0.00626209
0.0342999  0.00715682
-0.0277258  0.00655356
-0.0770058  0.00590625
-0.118589  0.00528177
-0.146898  0.00514636
-0.199812  0.00505694
-0.209569  0.0054912
-0.169271  0.00532291
-0.167401  0.00497439
-0.160887  0.00479979
-0.157594  0.0050782
-0.121418  0.00554208
-0.146901  0.00576016
-0.182466  0.00621938
-0.15765  0.00520709
-0.186801  0.0053855
-0.201803  0.00555861
-0.189264  0.00550432
-0.219145  0.00575859
-0.202904  0.00602154
-0.246839  0.00503162
-0.272765  0.00478864
-0.232252  0.00494793
-0.229588  0.0049262
-0.275263  0.00493197
-0.254553  0.00490105
-0.238574  0.00499048
-0.236707  0.00501718
-0.219081  0.00607142
-0.196852  0.00569177
-0.218167  0.00569087
-0.230013  0.00413038
-0.237294  0.00480917
-0.253165  0.00525601
-0.270042  0.00451895
-0.258377  0.00510759
-0.280327  0.00497865
-0.274347  0.00541549
-0.30043  0.00405153
-0.300397  0.00431525
-0.267341  0.00591913
-0.261169  0.00470435
-0.230719  0.0051868
-0.238233  0.00607457
-0.228924  0.00459288
-0.223213  0.00456518
-0.224795  0.00426218
-0.231802  0.00460041
-0.220203  0.0051364
-0.187943  0.00513773
-0.169838  0.00561179
-0.149724  0.00563084
-0.150248  0.00556866
-0.168222  0.0054525
-0.167404  0.00618533
-0.198224  0.00532392
-0.155309  0.00586905
-0.0940396  0.00607356
-0.0975296  0.00674652
-0.0945787  0.00732989
-0.140348  0.00684112
-0.125326  0.00710654
-0.158897  0.00689522
-0.230252  0.00548022
-0.274099  0.00428152
-0.287791  0.00474481
-0.26763  0.00507429
-0.269721  0.00469913
-0.294153  0.00478165
-0.291678  0.00431349
-0.285855  0.00419624
-0.260867  0.00502078
-0.253936  0.00581313
-0.260734  0.00517486
-0.272303  0.00563561
-0.254756  0.00516039
-0.249055  0.00586754
-0.246657  0.00414565
-0.274448  0.00357858
-0.293976  0.00383527
-0.314837  0.00389177
-0.322142  0.00383359
-0.332559  0.00365351
-0.325042  0.00350274
-0.320897  0.00410004
-0.351472  0.00349241
-0.371792  0.00289638
-0.347518  0.00365406
-0.347155  0.00326183
-0.35793  0.00317793
-0.331841  0.00314447
-0.33147  0.00303433
-0.312864  0.00368049
-0.332621  0.00330048
-0.31326  0.00352584
-0.289219  0.00438807
-0.31221  0.00377438
-0.285776  0.00387048
-0.289807  0.00411893
-0.285179  0.00389357
-0.269168  0.00464868
-0.281392  0.0042705
-0.26178  0.00433412
-0.290193  0.00424682
-0.290862  0.00458315
-0.284824  0.00442727
-0.310936  0.00377685
-0.321122  0.00377829
-0.318711  0.00418677
-0.312568  0.00396549
-0.32672  0.00417621
-0.319389  0.00435586
-0.313428  0.00388685
-0.326676  0.00371038
-0.343607  0.00337553
-0.326124  0.00342821
-0.342996  0.0036126
-0.34383  0.00349587
-0.32705  0.00330693
-0.351894  0.00290382
-0.349161  0.00306152
-0.347209  0.00356715
-0.347769  0.00368923
-0.368048  0.0037831
-0.381188  0.00301334
-0.392043  0.00267794
-0.39562  0.00301947
-0.410123  0.00302811
-0.420578  0.00243944
-0.421639  0.00243637
-0.427943  0.00227131
-0.436309  0.00208899
-0.427903  0.00198485
-0.435141  0.00203717
-0.422323  0.00241622
-0.432293  0.00241247
-0.433331  0.00193263
-0.430208  0.00226462
-0.424198  0.00206474
-0.435636  0.00214761
-0.438298  0.00193748
-0.438151  0.00233662
-0.43538  0.0026084
-0.432805  0.00208921
-0.428211  0.00235356
-0.411396  0.00207537
-0.41426  0.00275993
-0.409068  0.00257632
-0.420844  0.00286396
-0.402555  0.00231984
-0.406387  0.00284106
-0.410192  0.00245449
-0.406116  0.00295603
-0.404472  0.00286908
-0.415916  0.00269059
-0.419186  0.00230005
-0.424496  0.00230016
-0.422619  0.00278439
-0.422307  0.00221872
-0.418531  0.00211388
-0.421652  0.0024009
-0.425718  0.0025856
-0.422262  0.00296079
-0.428577  0.00228317
-0.431858  0.00231051
-0.42934  0.00238664
-0.421358  0.00261975
-0.42676  0.00248676
-0.429781  0.00242636
-0.42547  0.00278879
-0.430767  0.00444297
-0.43471  0.00251161
-0.42612  0.0022324
-0.41727  0.00282803
-0.417224  0.00304533
-0.414514  0.00260781
-0.413325  0.00338339
-0.422373  0.00257451
-0.405592  0.00388387
-0.402051  0.00449194
-0.385765  0.00500868
-0.392385  0.00558667
-0.386646  0.00544388
-0.38954  0.00636749
-0.371297  0.00593844
-0.371789  0.00530579
-0.362916  0.00846131
-0.366223  0.00661419
-0.379172  0.00602003
-0.366073  0.00638648
-0.367244  0.00614121
-0.37949  0.00682573
-0.377922  0.00649177
-0.36814  0.00694691
-0.355569  0.00967746
-0.359498  0.00965035
-0.36892  0.00704812
-0.342045  0.00909706
-0.363862  0.00797386
-0.371033  0.00723134
-0.37652  0.00690326
-0.37555  0.00852983
-0.382733  0.006929
-0.363052  0.00705601
-0.370263  0.00650927
-0.378564  0.00587467
-0.370935  0.00627258
-0.360338  0.00722918
-0.378463  0.00537084
-0.3906  0.00423051
-0.388521  0.00512564
-0.400704  0.00406651
-0.391531  0.00426049
-0.384498  0.00564719
-0.39339  0.00381261
-0.383419  0.00476138
-0.393539  0.00430557
-0.403971  0.00368689
-0.398767  0.00438498
-0.402117  0.00327914
-0.401261  0.00350742
-0.396716  0.00353137
-0.381568  0.00368772
-0.379122  0.00370682
-0.373128  0.00501892
-0.370901  0.00448452
-0.374181  0.00412329
-0.377594  0.00383267
-0.39034  0.00440569
-0.383941  0.0033085
-0.386288  0.00283728
-0.377992  0.00297564
-0.36999  0.00320861
-0.36202  0.00295431
-0.373833  0.00341043
-0.361189  0.00381976
-0.362522  0.00305671
-0.334798  0.00463084
-0.350537  0.00366178
-0.32979  0.00362661
-0.342843  0.00429291
-0.352258  0.00418761
-0.35043  0.00506274
-0.351957  0.00348297
-0.35766  0.00396167
-0.369829  0.00413208
-0.370559  0.00440977
-0.369854  0.00412383
-0.352138  0.00544011
-0.355708  0.00445107
-0.364401  0.00451808
-0.363256  0.00500372
-0.35333  0.00459367
-0.352333  0.00397555
-0.348444  0.00389035
-0.329573  0.0047237
-0.336993  0.00390979
-0.346528  0.00336149
-0.342637  0.00358193
-0.333111  0.00526226
-0.341573  0.00401528
-0.3302  0.00547911
-0.33651  0.00430451
-0.349968  0.00370764
-0.356916  0.00384216
-0.345792  0.00417688
-0.326598  0.00514185
-0.335022  0.00429962
-0.320912  0.00467849
-0.329341  0.00640637
-0.332026  0.00697831
-0.352177  0.00627563
-0.33598  0.00597959
-0.323777  0.00571522
-0.3227  0.0092586
-0.332587  0.00543578
-0.332501  0.00691702
-0.314331  0.0082424
-0.317139  0.00678179
-0.313757  0.00809857
-0.290481  0.00891302
-0.315285  0.00651322
-0.295024  0.00804744
-0.295286  0.00892229
-0.284301  0.00866658
-0.300551  0.00831714
-0.286363  0.00961576
-0.291867  0.00804581
-0.28078  0.00896075
-0.288105  0.00801285
-0.292982  0.00751583
-0.273349  0.0105763
-0.296284  0.0067613
-0.293844  0.00704074
-0.287021  0.00712699
-0.290659  0.00601489
-0.290168  0.0078359
-0.296562  0.00741851
-0.269966  0.00986355
-0.299987  0.00648131
-0.294596  0.00868733
-0.285053  0.0119644
-0.294312  0.00744345
-0.289864  0.00939231
-0.286592  0.00749508
-0.271608  0.00884138
-0.301702  0.00869436
-0.311936  0.00595136
-0.289045  0.00966526
-0.288731  0.00864918
-0.284635  0.00831132
-0.306278  0.00743383
-0.299867  0.00664798
-0.29691  0.00769422
-0.315688  0.00593041
-0.304748  0.00690293
-0.296126  0.00792257
-0.31079  0.00689915
-0.288706  0.00915523
-0.294842  0.0109173
-0.291938  0.00657227
-0.300748  0.00565853
-0.306175  0.00565886
-0.306024  0.00559198
-0.306946  0.0053271
-0.300537  0.00749677
-0.31236  0.00487855
-0.295663  0.00814553
-0.307636  0.00577101
-0.2986  0.00552505
-0.30605  0.00651305
-0.313561  0.00595448
-0.304339  0.00591096
-0.297965  0.00652647
-0.294389  0.00665815
-0.290472  0.00734778
-0.297655  0.00731149
-0.306837  0.00570192
-0.309217  0.00564227
-0.290303  0.00714746
-0.298669  0.00852569
-0.302041  0.00802231
-0.312655  0.00715951
-0.295467  0.00673901
-0.290177  0.00904901
-0.30223  0.00615047
-0.315703  0.00686502
-0.287119  0.00755539
-0.297209  0.00864664
-0.295269  0.00640152
-0.296569  0.0074778
-0.321578  0.0051369
-0.31984  0.00537746
-0.294583  0.00789951
-0.312715  0.00559597
-0.305768  0.00627482
-0.304253  0.00807542
-0.300969  0.00668102
-0.301882  0.00815951
-0.29821  0.00772273
-0.307989  0.00649558
-0.296588  0.00812307
-0.30016  0.00814295
-0.287897  0.00838902
-0.287267  0.0101156
-0.281305  0.00942906
-0.299055  0.00800851
-0.28614  0.00936815
-0.266102  0.0103689
-0.243906  0.0137629
-0.296408  0.00861103
-0.287889  0.00998292
-0.265173  0.0104788
-0.27515  0.0110743
-0.281297  0.0128028
-0.28594  0.00741028
-0.289144  0.00887803
-0.290372  0.00822947
-0.281141  0.00862823
-0.286646  0.00803707
-0.267022  0.0113865
-0.245631  0.0133815
-0.264285  0.0098826
-0.294762  0.00674998
-0.296047  0.00702226
-0.30134  0.00742249
-0.274837  0.011544
-0.272154  0.0107315
-0.294615  0.00872016
-0.302729  0.00977859
-0.296296  0.00957183
-0.289341  0.00996263
-0.301397  0.00915098
-0.274609  0.010303
-0.272979  0.0103137
-0.269546  0.0144831
-0.26096  0.0123135
-0.290726  0.00993407
-0.282313  0.0105735
-0.287275  0.00900485
-0.296338  0.00768835
-0.297363  0.0092905
-0.305141  0.00694707
-0.297945  0.0078194
-0.290544  0.00946864
-0.292274  0.00865337
-0.296464  0.00800333
-0.305728  0.00689561
-0.295504  0.00967542
-0.296897  0.00748078
-0.30062  0.00826359
-0.285899  0.00962436
-0.292262  0.00938875
-0.285478  0.00898812
-0.285064  0.00909024
-0.291496  0.00950776
-0.27409  0.0124832
-0.266454  0.0110046
-0.286118  0.00797737
-0.277885  0.0110799
-0.279361  0.00878482
-0.269369  0.0111492
-0.270796  0.0110323
-0.294249  0.00886116
-0.274592  0.0105577
-0.272444  0.00977995
-0.289513  0.0077267
-0.292572  0.00807629
-0.285995  0.00933255
-0.301048  0.00634848
-0.30037  0.00685341
-0.299073  0.00625148
-0.30997  0.00662491
-0.299839  0.00682315
-0.296848  0.00680275
-0.301492  0.00800463
-0.305494  0.0058953
-0.2963  0.00650312
-0.307597  0.0063223
-0.28253  0.0092547
-0.298902  0.00772438
-0.291841  0.00782235
-0.306364  0.00689239
-0.276701  0.0112933
-0.284959  0.00812555
-0.294973  0.0113606
-0.295996  0.00747818
-0.27974  0.0136486
-0.289128  0.00650959
-0.301742  0.00963871
-0.289718  0.0110106
-0.292259  0.00796981
-0.297527  0.00782305
-0.283335  0.00860371
-0.285068  0.00753072
-0.297129  0.00850289
-0.285257  0.00952504
-0.305118  0.007608
-0.285939  0.00891504
-0.272394  0.0101401
-0.292517  0.00946618
-0.278884  0.0108149
-0.295473  0.00709716
-0.291055  0.00838576
-0.304589  0.0106488
-0.298791  0.00926827
-0.313025  0.00924163
-0.294867  0.00878494
-0.303914  0.00742987
-0.310666  0.00840686
-0.296698  0.0106306
-0.311793  0.00902574
-0.296278  0.0135134
-0.296035  0.00971941
-0.30516  0.00873765
-0.304182  0.00886114
-0.296976  0.0109264
-0.278518  0.0165515
-0.27416  0.0135896
-0.290538  0.00902827
-0.249225  0.0134732
-0.265898  0.0134167
-0.271722  0.0162841
-0.299554  0.00874021
-0.286919  0.0111661
-0.306402  0.00945761
-0.2623  0.0114173
-0.273022  0.0132754
-0.285968  0.0108183
-0.300882  0.0100152
-0.293677  0.00882409
-0.305833  0.00957593
-0.299833  0.00791922
-0.307739  0.0101379
-0.337415  0.00624541
-0.311725  0.0131129
-0.313988  0.00798388
-0.322091  0.00610932
-0.292862  0.00987233
-0.312888  0.00857413
-0.329017  0.00693626
-0.32474  0.00686039
-0.309268  0.0101756
-0.309798  0.00824273
-0.293964  0.0100744
-0.319476  0.00870432
-0.323784  0.00843653
-0.333741  0.00682432
-0.325316  0.00744186
-0.329813  0.00720578
-0.330685  0.00853357
-0.33911  0.00734712
-0.32586  0.00843485
-0.349315  0.00640974
-0.332103  0.00892004
-0.343138  0.00731962
-0.335675  0.00746374
-0.327744  0.00779712
-0.313312  0.00884135
-0.316127  0.00840373
-0.29106  0.0110719
-0.302822  0.00942224
-0.290369  0.0095564
-0.295636  0.0103312
-0.268848  0.0137228
-0.255933  0.0125062
-0.269447  0.0127131
-0.273158  0.0128688
-0.283071  0.0108597
-0.259695  0.0143724
-0.283602  0.0138376
-0.276634  0.0114016
-0.308046  0.00961242
-0.283838  0.0133026
-0.307724  0.00873259
-0.307695  0.00932675
-0.308015  0.0113087
-0.328542  0.00812025
-0.340322  0.00773994
-0.345796  0.00765419
-0.336952  0.009175
-0.315033  0.0103461
-0.330812  0.00829187
-0.288981  0.0152321
-0.296465  0.0117687
-0.303441  0.0102387
-0.302202  0.00965092
-0.316805  0.00849233
-0.31495  0.00876088
-0.294896  0.0110448
-0.312706  0.0103689
-0.327015  0.00848071
-0.304077  0.00973296
-0.279711  0.0121772
-0.311839  0.00845752
-0.297179  0.00974759
-0.320718  0.0116793
-0.328919  0.00837899
-0.329324  0.00987948
-0.327696  0.00974246
-0.347872  0.00653817
-0.343546  0.00724053
-0.337364  0.00900087
-0.336827  0.00807586
-0.334249  0.00761565
-0.326859  0.00783747
-0.330442  0.00748374
-0.332121  0.0079325
-0.341442  0.00693567
-0.351154  0.00821312
-0.342457  0.00624651
-0.34881  0.00656916
-0.353753  0.00802024
-0.352256  0.00758545
-0.343143  0.00872976
-0.3618  0.00561658
-0.359587  0.00793575
-0.351401  0.00673021
-0.357383  0.00629069
-0.361105  0.00552882
-0.367652  0.00570693
-0.369499  0.00513018
-0.359743  0.00783391
-0.352323  0.00792121
-0.374705  0.00768421
-0.366874  0.0055087
-0.35636  0.00569468
-0.373217  0.00491994
-0.370066  0.00628759
-0.35692  0.00552028
-0.355163  0.00604489
-0.368196  0.00387133
-0.368035  0.00503311
-0.369844  0.00477276
-0.346558  0.00817318
-0.35724  0.00567164
-0.352113  0.00852402
-0.356266  0.00641793
-0.348382  0.00642145
-0.374215  0.0047731
-0.353891  0.00650304
-0.359108  0.00598099
-0.359634  0.00606583
-0.363384  0.00520175
-0.3652  0.00594021
-0.353969  0.0060659
-0.35172  0.00586834
-0.353385  0.00556527
-0.358995  0.00642156
-0.352964  0.00766791
-0.354165  0.00654257
-0.354475  0.0054273
-0.348048  0.00758063
-0.363002  0.00463682
-0.361192  0.00410319
-0.355393  0.00489142
-0.357791  0.00502848
-0.375107  0.00447026
-0.374914  0.0040001
-0.374558  0.00418491
-0.358129  0.00616561
-0.359583  0.00592734
-0.354989  0.00805211
-0.352917  0.00597524
-0.373457  0.00429531
-0.372022  0.00522834
-0.364243  0.0049965
-0.366241  0.00675879
-0.371779  0.00434651
-0.368556  0.00479526
-0.364953  0.00618922
-0.383212  0.00543324
-0.3754  0.00606185
-0.382273  0.00528968
-0.381379  0.00441083
-0.383206  0.00395801
-0.385017  0.00485992
-0.391915  0.00498442
-0.384674  0.00432408
-0.388999  0.00511229
-0.389328  0.00429151
-0.384395  0.00414015
-0.382426  0.00456399
-0.381603  0.00471335
-0.382271  0.00487884
-0.37541  0.00477247
-0.37297  0.00443234
-0.376769  0.00415355
-0.370958  0.00457436
-0.367194  0.00440899
-0.362778  0.00446135
-0.366843  0.00330044
-0.366369  0.00449113
-0.374373  0.00325989
-0.366404  0.00311988
-0.369148  0.00403106
-0.369626  0.00325488
-0.367098  0.00311629
-0.36321  0.00379862
-0.368141  0.00337775
-0.364632  0.00394345
-0.370538  0.00371438
-0.375099  0.00364194
-0.365289  0.0044419
-0.364482  0.00448914
-0.3685  0.00365846
-0.369816  0.00408569
-0.376926  0.00389473
-0.378882  0.00389664
-0.378899  0.00432034
-0.375204  0.00460678
-0.37696  0.00317589
-0.374653  0.00415027
-0.377351  0.00368662
-0.379525  0.0032966
-0.375975  0.00314438
-0.373347  0.00426094
-0.371211  0.00355577
-0.372463  0.00378346
-0.384991  0.0033947
-0.385841  0.00301803
-0.379798  0.00327988
-0.384979  0.00274945
-0.389052  0.00284753
-0.37837  0.00305304
-0.383139  0.00295453
-0.380472  0.00352797
-0.386636  0.00271169
-0.386259  0.00270943
-0.384381  0.00329357
-0.388496  0.00268394
-0.392356  0.00302745
-0.392912  0.00300043
-0.389496  0.00346616
-0.394441  0.00318472
-0.403768  0.00274972
-0.400958  0.00269178
-0.396337  0.00321842
-0.386476  0.00346117
-0.388074  0.00353737
-0.394938  0.00327993
-0.400903  0.00273436
-0.400483  0.00341389
-0.41173  0.00321987
-0.403726  0.00301869
-0.391319  0.00351662
-0.400018  0.00247075
-0.403622  0.00258095
-0.403879  0.00289998
-0.414447  0.00250968
-0.415313  0.00342194
-0.414917  0.00252463
-0.412236  0.00280426
-0.412368  0.00293523
-0.424306  0.00298258
-0.430303  0.00231372
-0.42438  0.00326067
-0.423388  0.00340645
-0.425023  0.00240933
-0.419812  0.00261746
-0.41773  0.00317473
-0.420113  0.0034031
-0.419469  0.00277316
-0.416302  0.00380226
-0.420799  0.00354948
-0.425597  0.00297136
-0.423996  0.00243961
-0.429805  0.00277444
-0.424714  0.0026655
-0.427285  0.0026553
-0.418787  0.00377951
-0.416888  0.00331904
-0.418754  0.00346827
-0.414407  0.00318547
-0.418259  0.00306256
-0.415183  0.00270601
-0.408738  0.00332166
-0.414168  0.00322588
-0.416238  0.00296648
-0.417012  0.00361224
-0.42339  0.00396759
-0.414183  0.00392698
-0.413095  0.00344137
-0.419477  0.00340117
-0.416299  0.00278573
-0.414272  0.00329272
-0.399557  0.00453776
-0.405108  0.00452141
-0.396404  0.00527077
-0.40475  0.00446845
-0.40544  0.00403983
-0.403124  0.00420237
-0.408079  0.00486472
-0.407541  0.00426706
-0.414133  0.00405162
-0.418079  0.0034354
-0.41494  0.00373072
-0.411832  0.0042629
-0.423078  0.00292136
-0.422013  0.00320134
-0.412996  0.00360632
-0.426978  0.00255603
-0.428963  0.00284703
-0.423506  0.00316514
-0.430001  0.00252082
-0.426409  0.00265042
-0.427126  0.00300671
-0.42096  0.00302627
-0.420858  0.00252198
-0.41126  0.00300404
-0.413629  0.0030698
-0.417197  0.00330964
-0.418187  0.00362762
-0.416824  0.00314777
-0.414853  0.00348387
-0.41356  0.00297889
-0.419085  0.00328782
-0.427129  0.00302055
-0.423258  0.00301927
-0.425867  0.00265283
-0.418566  0.00365948
-0.422121  0.00326865
-0.415551  0.00281394
-0.415684  0.00337858
-0.412697  0.00507374
-0.414533  0.00362025
-0.400924  0.00432291
-0.39188  0.00459527
-0.407041  0.00378777
-0.402299  0.00382499
-0.402401  0.00381545
-0.390363  0.00673938
-0.404047  0.00347106
-0.389009  0.00548868
-0.394838  0.00442338
-0.383974  0.00554545
-0.395112  0.00343337
-0.399489  0.00363525
-0.392561  0.00452331
-0.393221  0.00337101
-0.391037  0.00390072
-0.387745  0.00331164
-0.392198  0.00425875
-0.385647  0.00423038
-0.387787  0.00488596
-0.393532  0.00349544
-0.374234  0.0062214
-0.389628  0.00408704
-0.372691  0.00570296
-0.391752  0.00400039
-0.38665  0.00410978
-0.389917  0.00530995
-0.380919  0.00532028
-0.38595  0.00404863
-0.386174  0.00439979
-0.384044  0.00467085
-0.375289  0.00519882
-0.380038  0.00440399
-0.381891  0.0038917
-0.378053  0.00441432
-0.39059  0.00364778
-0.386139  0.00471812
-0.389152  0.00420723
-0.394941  0.00477272
-0.398381  0.00363279
-0.388851  0.0044364
-0.397774  0.00348063
-0.394809  0.00506484
-0.40733  0.00369027
-0.40236  0.00340936
-0.397408  0.00407526
-0.398974  0.00357896
-0.401703  0.00289255
-0.393522  0.00399466
-0.393957  0.00328445
-0.400623  0.00438435
-0.37766  0.00611009
-0.397627  0.00394278
-0.401949  0.00405378
-0.392757  0.00377863
-0.392455  0.00440319
-0.393962  0.00407037
-0.395772  0.00466511
-0.396846  0.00394865
-0.4036  0.00408491
-0.400124  0.00392153
-0.405565  0.00330693
-0.409644  0.00352489
-0.417586  0.00347634
-0.425068  0.00302806
-0.417859  0.00338891
-0.414851  0.00320185
-0.421037  0.0042971
-0.420622  0.004172
-0.43178  0.00290246
-0.426269  0.00339205
-0.422703  0.00424886
-0.422274  0.00361758
-0.421833  0.00385099
-0.422625  0.00396585
-0.416586  0.00389655
-0.423344  0.00311396
-0.420347  0.00297437
-0.427152  0.00304999
-0.430251  0.00333647
-0.424887  0.00322591
-0.428755  0.00216968
-0.426075  0.0029862
-0.423599  0.00285517
-0.43155  0.002931
-0.42122  0.00370975
-0.42885  0.0028645
-0.436971  0.00227252
-0.439193  0.00244903
-0.434058  0.00291775
-0.441246  0.0023031
-0.441338  0.00282118
-0.440778  0.00271888
-0.441173  0.00253598
-0.446732  0.00209769
-0.438521  0.00309383
-0.443699  0.00318352
-0.436426  0.00310212
-0.443712  0.00327699
-0.44104  0.00277548
-0.447574  0.00299863
-0.438586  0.00303635
-0.444658  0.00270288
-0.445265  0.0023871
-0.445597  0.00270484
-0.441525  0.00332955
-0.439524  0.00343978
-0.444867  0.00280484
-0.441113  0.00325018
-0.440137  0.00293666
-0.44158  0.00306959
-0.438754  0.00394394
-0.446191  0.00233001
-0.446475  0.00243655
-0.448498  0.00263175
-0.436928  0.00344107
-0.443972  0.00230377
-0.441752  0.00269128
-0.440968  0.00261408
-0.441003  0.00290501
-0.444835  0.0030483
-0.442124  0.00323133
-0.436651  0.00367359
-0.441154  0.00325521
-0.444725  0.00261453
-0.439706  0.00253981
-0.445891  0.00212107
-0.444716  0.0032785
-0.444569  0.0023269
-0.439944  0.00325371
-0.434407  0.00408342
-0.43638  0.00351512
-0.434199  0.00371726
-0.433003  0.00353713
-0.43363  0.00372376
-0.42884  0.00419633
-0.434454  0.00352945
-0.422555  0.00470333
-0.417957  0.0045688
-0.418102  0.00445411
-0.424895  0.0042082
-0.423482  0.00431845
-0.433528  0.00358927
-0.436405  0.00322327
-0.439999  0.00272919
-0.435821  0.00316939
-0.436556  0.00309018
-0.438073  0.00288655
-0.439016  0.00254578
-0.436977  0.00252911
-0.436961  0.00293275
-0.434361  0.00268817
-0.434318  0.00230354
-0.436268  0.00229841
-0.434952  0.00239587
-0.436203  0.00290093
-0.441459  0.00273082
-0.439222  0.00214148
-0.436247  0.00323673
-0.444341  0.00258152
-0.43657  0.00324797
-0.441086  0.00220199
-0.437628  0.00227244
-0.437515  0.00215736
-0.438606  0.00254741
-0.439929  0.00225857
-0.43849  0.00219089
-0.43732  0.00256331
-0.441223  0.00178671
-0.437529  0.00364296
-0.435378  0.002599
-0.441936  0.00196458
-0.437258  0.00295505
-0.442673  0.00198961
-0.441346  0.0022232
-0.436941  0.0025661
-0.434879  0.00280917
-0.439236  0.00199038
-0.433743  0.00287661
-0.440257  0.00188364
-0.436291  0.0026666
-0.431497  0.00245448
-0.436332  0.0025903
-0.432379  0.00257733
-0.4337  0.00265963
-0.428054  0.00296007
-0.422313  0.00365269
-0.423173  0.00339914
-0.423027  0.00387556
-0.429239  0.00328473
-0.419112  0.00370544
-0.424965  0.00351937
-0.41747  0.0038216
-0.423126  0.00304246
-0.424316  0.00315377
-0.423448  0.00439158
-0.424856  0.00360137
-0.427663  0.00521138
-0.418222  0.00354662
-0.420803  0.00361398
-0.420078  0.00385238
-0.419116  0.00398641
-0.424637  0.00392694
-0.430271  0.00338293
-0.427877  0.00427663
-0.416869  0.00514482
-0.411595  0.0046062
-0.420311  0.00414828
-0.416839  0.00516253
-0.423082  0.00409811
-0.42238  0.00402883
-0.421859  0.00496469
-0.416797  0.00466968
-0.417711  0.00595229
-0.432971  0.00299181
-0.418138  0.00423438
-0.417022  0.00486375
-0.428762  0.00345305
-0.424664  0.00359774
-0.419441  0.00413247
-0.415298  0.00452072
-0.421022  0.00406842
-0.428679  0.00417893
-0.416183  0.00443023
-0.424232  0.00394536
-0.42209  0.00384315
-0.430566  0.00298558
-0.415469  0.00443118
-0.415473  0.00463398
-0.427526  0.00297273
-0.421066  0.00416026
-0.415944  0.0045994
-0.417091  0.00450924
-0.41247  0.00405879
-0.420276  0.00479886
-0.41064  0.0047351
-0.402676  0.00571646
-0.413157  0.00391306
-0.418031  0.00366155
-0.421948  0.00370863
-0.4225  0.0036355
-0.416819  0.00495781
-0.423183  0.00400994
-0.413288  0.00504373
-0.423923  0.00359335
-0.416906  0.00379727
-0.418809  0.00374606
-0.414414  0.00323828
-0.407728  0.00388354
-0.41488  0.00344521
-0.423833  0.00273234
-0.414888  0.00254648
-0.410522  0.0042956
-0.409936  0.00388529
-0.412687  0.00363601
-0.410572  0.00439082
-0.419662  0.00302362
-0.424234  0.00250736
-0.422573  0.00249459
-0.418774  0.00253248
-0.418049  0.00307409
-0.42625  0.00354278
-0.420611  0.0027559
-0.415775  0.00296417
-0.423838  0.00258162
-0.424931  0.00252906
-0.426241  0.00246234
-0.421221  0.0024573
-0.42303  0.00245074
-0.426507  0.00247587
-0.428007  0.00261525
-0.428429  0.00271256
-0.418883  0.00318369
-0.421669  0.0024454
-0.419446  0.00259758
-0.428762  0.00246737
-0.423982  0.00382054
-0.417453  0.00289682
-0.425064  0.00236984
-0.423727  0.00264157
-0.420185  0.00288296
-0.418373  0.00241415
-0.419044  0.0030003
-0.41946  0.00302771
-0.416275  0.00334401
-0.416144  0.00333175
-0.426443  0.00263804
-0.425792  0.0025322
-0.430717  0.00281281
-0.430335  0.00218923
-0.435349  0.00229624
-0.420829  0.00245033
-0.423966  0.00416753
-0.431366  0.00259536
-0.430172  0.00251867
-0.429515  0.0021261
-0.423932  0.00213676
-0.420583  0.00248534
-0.419824  0.00255638
-0.428058  0.00227896
-0.429541  0.00250404
-0.418233  0.0023893
-0.420501  0.00232562
-0.424306  0.00233374
-0.416632  0.00239975
-0.420741  0.00230507
-0.418334  0.00251415
-0.417016  0.00256589
-0.415042  0.00257102
-0.412494  0.00252764
-0.410617  0.00275243
-0.417967  0.00268599
-0.411843  0.00297749
-0.419874  0.00240295
-0.418623  0.00218028
-0.422842  0.00294942
-0.42436  0.00235574
-0.428199  0.00225279
-0.427774  0.00253977
-0.42448  0.0019719
-0.421272  0.0021485
-0.423  0.00252101
-0.419655  0.00313007
-0.421622  0.00210329
-0.419567  0.00246329
-0.415837  0.00271924
-0.4187  0.00309623
-0.409052  0.0029017
-0.408159  0.00263944
-0.407623  0.00260457
-0.405264  0.00283611
-0.400893  0.00268278
-0.397796  0.00265563
-0.401097  0.00248778
-0.405192  0.00295564
-0.396674  0.00266085
-0.404041  0.00265972
-0.399648  0.00264696
-0.39973  0.0029981
-0.391826  0.00279486
-0.39293  0.00280274
-0.397559  0.0027666
-0.399801  0.00266438
-0.397172  0.00257377
-0.398467  0.00301881
-0.400265  0.00301857
-0.399261  0.00301494
-0.403897  0.00231209
-0.397974  0.00251088
-0.406269  0.00260481
-0.402588  0.00278633
-0.397182  0.00328186
-0.403238  0.00279423
-0.394584  0.00248588
-0.40182  0.00295079
-0.394869  0.00262746
-0.399698  0.00275937
-0.392625  0.00265325
-0.390184  0.00284534
-0.386791  0.0029323
-0.389535  0.00334972
-0.388746  0.00325306
-0.390029  0.00287433
-0.396511  0.00328946
-0.398009  0.00278988
-0.398758  0.00289429
-0.389737  0.0031397
-0.392131  0.00280342
-0.391747  0.00267192
-0.383772  0.00320292
-0.380259  0.00289981
-0.379948  0.00278207
-0.379204  0.00296186
-0.37645  0.0027847
-0.374837  0.00384635
-0.370663  0.00298877
-0.360464  0.00321595
-0.365294  0.00347986
-0.371407  0.00334064
-0.364056  0.00350124
-0.36688  0.00331923
-0.362263  0.00339171
-0.368909  0.00346997
-0.369772  0.00343817
-0.368548  0.00304223
-0.367622  0.00330484
-0.373662  0.00300542
-0.373548  0.00356119
-0.377039  0.00311213
-0.386403  0.00277277
-0.384386  0.00294843
-0.382631  0.0032833
-0.385305  0.00349524
-0.388875  0.00268535
-0.391364  0.00279374
-0.388349  0.00293074
-0.391159  0.00307837
-0.377156  0.00287832
-0.38364  0.00320702
-0.381652  0.00315645
-0.383357  0.00293057
-0.371599  0.00274128
-0.374704  0.00339548
-0.376633  0.00306347
-0.380439  0.0032414
-0.376808  0.00390419
-0.377983  0.00250131
-0.383531  0.0029483
-0.383621  0.0025737
-0.377232  0.00342063
-0.388575  0.00293131
-0.389736  0.00267651
-0.380373  0.0027284
-0.388016  0.00297967
-0.386902  0.00287379
-0.393884  0.00294337
-0.388792  0.00314335
-0.386165  0.00265016
-0.382546  0.00264756
-0.384737  0.0034585
-0.375773  0.00364994
-0.377259  0.00277262
-0.378191  0.00274423
-0.375417  0.00323664
-0.380145  0.00287169
-0.378384  0.00253278
-0.390617  0.0028018
-0.393002  0.00295235
-0.389653  0.00282652
-0.392657  0.00292604
-0.387916  0.0027784
-0.388861  0.00278911
-0.390584  0.00295818
-0.39343  0.00297904
-0.395568  0.00277112
-0.393385  0.00291833
-0.398866  0.00276432
-0.401558  0.00263954
-0.402887  0.00290295
-0.401121  0.00267082
-0.401083  0.00258624
-0.399922  0.00299224
-0.397433  0.00331178
-0.395332  0.00371671
-0.399822  0.00300847
-0.391391  0.00282704
-0.386072  0.00299659
-0.390744  0.00270306
-0.389661  0.00293297
-0.394311  0.003223
-0.393428  0.00324466
-0.390925  0.00381676
-0.390701  0.00379676
-0.389983  0.00254359
-0.394442  0.0026535
-0.394033  0.00350319
-0.388609  0.00372719
-0.390203  0.00308763
-0.38707  0.00401379
-0.386852  0.00358122
-0.380261  0.00338622
-0.377769  0.00325626
-0.367409  0.00310805
-0.379537  0.00286131
-0.375416  0.0030427
-0.371836  0.00328783
-0.368541  0.00279297
-0.362853  0.00340664
-0.36879  0.00326897
-0.36777  0.00327142
-0.365085  0.00356795
-0.367404  0.00341012
-0.365152  0.00356666
-0.361716  0.00376708
-0.36634  0.00325556
-0.359411  0.00386831
-0.357494  0.00371833
-0.356656  0.00371324
-0.349781  0.00308681
-0.351069  0.00355881
-0.355964  0.00331563
-0.356454  0.00387491
-0.353814  0.00321134
-0.361407  0.00298303
-0.365285  0.00350151
-0.363477  0.00316837
-0.362839  0.00400031
-0.361288  0.00373467
-0.36295  0.00370335
-0.366959  0.00337078
-0.368492  0.00395449
-0.366309  0.00330557
-0.365907  0.00310329
-0.37016  0.00330344
-0.37838  0.00307293
-0.375589  0.00349251
-0.38433  0.00327296
-0.38281  0.00345486
-0.386488  0.00236698
-0.390688  0.00262256
-0.390236  0.00278993
-0.391637  0.00297922
-0.393602  0.00269499
-0.395806  0.00286552
-0.379761  0.0032843
-0.387744  0.00295464
-0.39144  0.00301399
-0.386973  0.00346788
-0.383847  0.00292617
-0.385097  0.00320574
-0.384474  0.00299744
-0.385122  0.00363233
-0.37686  0.00337549
-0.383128  0.00263598
-0.388023  0.00284712
-0.387231  0.00309513
-0.382382  0.00381825
-0.384632  0.00369387
-0.384161  0.002732
-0.386739  0.00311742
-0.378196  0.00351697
-0.382133  0.0032121
-0.384458  0.00301981
-0.386328  0.00328373
-0.381231  0.00367342
-0.381317  0.00371017
-0.385635  0.00260659
-0.383499  0.00416066
-0.39033  0.00288367
-0.386319  0.00335894
-0.382336  0.00344826
-0.387014  0.00383617
-0.385162  0.00339527
-0.389287  0.00330855
-0.386256  0.00328992
-0.385375  0.00346252
-0.388709  0.0041743
-0.386936  0.00269636
-0.389357  0.00299103
-0.38258  0.00373631
-0.383489  0.00361023
-0.379641  0.0033575
-0.381164  0.00334671
-0.37667  0.00314374
-0.381922  0.00320123
-0.383207  0.0030901
-0.381982  0.00286399
-0.376918  0.00383166
-0.374263  0.00338783
-0.383919  0.00341661
-0.373496  0.00420421
-0.376411  0.00309832
-0.376172  0.00278293
-0.38084  0.00313103
-0.374236  0.00490766
-0.374907  0.00386068
-0.373288  0.00383005
-0.37453  0.00385069
-0.367049  0.00333153
-0.36767  0.00301716
-0.364203  0.00371314
-0.366462  0.00364946
-0.362448  0.00350477
-0.370729  0.00322958
-0.364318  0.003315
-0.360714  0.00302636
-0.367679  0.00300373
-0.365885  0.0035064
-0.365372  0.00330086
-0.363897  0.00384724
-0.366362  0.00357093
-0.359367  0.00341204
-0.364111  0.00465967
-0.359179  0.00338564
-0.362566  0.00343933
-0.366908  0.00352633
-0.36645  0.00345102
-0.372172  0.00298901
-0.375815  0.0030934
-0.373365  0.00304414
-0.369009  0.00296584
-0.368844  0.00433377
-0.378846  0.00301993
-0.366473  0.00317022
-0.362918  0.00338692
-0.372207  0.00381505
-0.375439  0.00330396
-0.375086  0.00398622
-0.370406  0.00299817
-0.373477  0.00332955
-0.366187  0.00400198
-0.371705  0.00332227
-0.372512  0.00357958
-0.365841  0.00295268
-0.361623  0.0037244
-0.364262  0.00329169
-0.359654  0.00407003
-0.356944  0.0031598
-0.348321  0.00339336
-0.351641  0.00429457
-0.357371  0.00318428
-0.355925  0.00351981
-0.354451  0.00318726
-0.357947  0.00352651
-0.356527  0.00360103
-0.353378  0.00293748
-0.34891  0.00463331
-0.356584  0.00333756
-0.354257  0.0034886
-0.359907  0.0033631
-0.362048  0.00378641
-0.35165  0.00399343
-0.359412  0.00482794
-0.356584  0.00356207
-0.364825  0.00332507
-0.36435  0.00355554
-0.366908  0.00329389
-0.361715  0.00362652
-0.368833  0.00304065
-0.362519  0.00328677
-0.369151  0.0031313
-0.364998  0.0035143
-0.364356  0.00409852
-0.369033  0.00352403
-0.366387  0.00397444
-0.370257  0.00353036
-0.364917  0.00283702
-0.366051  0.00349288
-0.366679  0.00348772
-0.367773  0.00347244
-0.369296  0.00388762
-0.367275  0.00313844
-0.375932  0.00349698
-0.374104  0.00305306
-0.365227  0.00270968
-0.368152  0.00350199
-0.3729  0.00324759
-0.376237  0.00331515
-0.369809  0.00323049
-0.364982  0.00394476
-0.362482  0.00315005
-0.360586  0.00329954
-0.36492  0.00339856
-0.361368  0.00340877
-0.36876  0.00333858
-0.357259  0.0033805
-0.363806  0.00308955
-0.365416  0.00331089
-0.360362  0.00334287
-0.360504  0.00349055
-0.35672  0.00386469
-0.358123  0.00310458
-0.372258  0.00313375
-0.367438  0.00330009
-0.371357  0.00272906
-0.370282  0.00320926
-0.371862  0.00289119
-0.368443  0.00354354
-0.373243  0.00313714
-0.365005  0.00338371
-0.364646  0.00371787
-0.366053  0.0031719
-0.356504  0.0043257
-0.357646  0.00330651
-0.353212  0.00398704
-0.346048  0.00419788
-0.360389  0.00324217
-0.356514  0.00315387
-0.357831  0.00402355
-0.355818  0.00344794
-0.364238  0.00323768
-0.354711  0.00306294
-0.365929  0.00360047
-0.361055  0.0030945
-0.360522  0.00344052
-0.362276  0.0033742
-0.368024  0.00339967
-0.358182  0.00343745
-0.370585  0.00298637
-0.357366  0.00368709
-0.355917  0.00393784
-0.363743  0.00365909
-0.353732  0.00411338
-0.361013  0.00357405
-0.362476  0.00354996
-0.366326  0.003437
-0.366636  0.00333102
-0.364378  0.00285796
-0.362403  0.00434726
-0.360187  0.00332619
-0.355428  0.00338463
-0.358647  0.00321668
-0.360452  0.00338281
-0.355312  0.0036977
-0.359314  0.00389439
-0.362233  0.00331522
-0.354798  0.00383783
-0.363076  0.00408749
-0.360622  0.00331249
-0.360807  0.0032004
-0.368026  0.00345458
-0.366977  0.00397411
-0.370106  0.00389876
-0.365947  0.00333058
-0.353975  0.00338419
-0.358923  0.00416162
-0.362641  0.00309935
-0.362283  0.00325234
-0.36537  0.00347797
-0.360672  0.00348579
-0.364064  0.00326356
-0.356068  0.0032574
-0.349869  0.00289783
-0.352169  0.00330612
-0.352891  0.00322839
-0.357337  0.00312613
-0.358855  0.00397763
-0.363779  0.00361314
-0.355345  0.00365769
-0.357141  0.00380515
-0.354226  0.00380699
-0.359018  0.00387072
-0.354055  0.0037217
-0.362506  0.0034715
-0.359884  0.00361698
-0.357582  0.00322074
-0.368352  0.00308045
-0.350423  0.00561015
-0.366063  0.00366253
-0.367908  0.00468555
-0.364708  0.00308308
-0.366617  0.00429303
-0.368033  0.0037741
-0.370623  0.00359665
-0.37591  0.00308253
-0.373257  0.00377738
-0.378637  0.00343052
-0.375169  0.00355812
-0.373044  0.00324071
-0.37843  0.00343069
-0.375127  0.00336081
-0.37341  0.00340603
-0.36742  0.00372093
-0.367977  0.0036199
-0.370455  0.00373091
-0.369496  0.00381182
-0.375997  0.0036763
-0.375081  0.00340014
-0.373181  0.00354673
-0.361067  0.00369576
-0.360321  0.003174
-0.371792  0.00321281
-0.364466  0.00382661
-0.368628  0.00318275
-0.36884  0.00325241
-0.360371  0.00415787
-0.372055  0.00320751
-0.364226  0.00337785
-0.3655  0.00303397
-0.371637  0.00346652
-0.369373  0.00319439
-0.379145  0.00274073
-0.377564  0.00311349
-0.382216  0.00274781
-0.380068  0.00339733
-0.371688  0.00324377
-0.373474  0.00355563
-0.372656  0.00325928
-0.38532  0.00316336
-0.381995  0.00348145
-0.383884  0.00256968
-0.383344  0.00304681
-0.385164  0.00369865
-0.384442  0.00383058
-0.381779  0.00324617
-0.380241  0.00348082
-0.387756  0.00288468
-0.383433  0.00488643
-0.392637  0.00323702
-0.390228  0.00325793
-0.392656  0.00314195
-0.392995  0.00379452
-0.392329  0.00279847
-0.396168  0.00287675
-0.391523  0.00303645
-0.398515  0.00285296
-0.395042  0.00328964
-0.402967  0.00300545
-0.39994  0.00304622
-0.397597  0.00281188
-0.397335  0.00289815
-0.401044  0.00312242
-0.396174  0.00312699
-0.39503  0.00316946
-0.403849  0.0027693
-0.404078  0.00281424
-0.400515  0.00253843
-0.4063  0.00267092
-0.398259  0.0028858
-0.399785  0.00304337
-0.409849  0.00240065
-0.405337  0.00261567
-0.406833  0.0025579
-0.410962  0.00254185
-0.408876  0.00277555
-0.407847  0.0030041
-0.407119  0.00275338
-0.40908  0.00271701
-0.408134  0.00340193
-0.406197  0.00298564
-0.407025  0.00283523
-0.404893  0.00308442
-0.405509  0.00305763
-0.407047  0.00306666
-0.396069  0.00273175
-0.407883  0.00262958
-0.400297  0.00270813
-0.40278  0.00305344
-0.399175  0.00320862
-0.401034  0.00311158
-0.399439  0.0027765
-0.393572  0.00320844
-0.397423  0.00337315
-0.393453  0.00316015
-0.401004  0.00289434
-0.39779  0.00294291
-0.393945  0.003009
-0.395084  0.00357856
-0.396454  0.00364657
-0.398489  0.00311131
-0.398261  0.00295183
-0.39342  0.00259942
-0.398583  0.0025685
-0.403735  0.00272353
-0.393963  0.00249778
-0.398551  0.00265997
-0.40176  0.00300714
-0.398087  0.00264175
-0.402938  0.00283599
-0.39815  0.00294773
-0.399846  0.00316094
-0.401333  0.00249017
-0.387674  0.00305522
-0.397877  0.00303992
-0.393456  0.0030519
-0.387743  0.00360041
-0.398512  0.00276107
-0.399016  0.00312655
-0.396848  0.00274368
-0.399274  0.00260461
-0.403264  0.00367731
-0.395703  0.00393645
-0.403807  0.00271265
-0.400984  0.00298003
-0.396675  0.00270558
-0.401174  0.00306712
-0.405737  0.00297363
-0.402177  0.00261945
-0.40134  0.00267781
-0.405085  0.00286863
-0.401376  0.00291116
-0.406032  0.00221738
-0.411694  0.00234008
-0.412437  0.00272248
-0.410261  0.00260508
-0.405644  0.00248539
-0.409934  0.00310547
-0.410622  0.00228788
-0.403489  0.00287469
-0.411423  0.00242568
-0.411468  0.00245519
-0.413458  0.00248926
-0.409418  0.00260035
-0.416529  0.00263312
-0.407833  0.00256487
-0.416655  0.0021936
-0.414175  0.00252908
-0.413844  0.00292781
-0.412646  0.00273145
-0.414529  0.00246334
-0.415953  0.00241523
-0.419912  0.00218931
-0.420116  0.00227049
-0.415934  0.00245754
-0.417456  0.002368
-0.420081  0.00233137
-0.424429  0.0021916
-0.421151  0.00238573
-0.414763  0.00305796
-0.418632  0.00261075
-0.419713  0.00293922
-0.425041  0.00251707
-0.419769  0.00224404
-0.419894  0.00203663
-0.416862  0.00266615
-0.415779  0.00295648
-0.418722  0.00279155
-0.421059  0.00262967
-0.422872  0.00276566
-0.426798  0.00214074
-0.420891  0.00257626
-0.423269  0.00314949
-0.422751  0.00224328
-0.422015  0.00233136
-0.423237  0.00282012
-0.422276  0.00253359
-0.427624  0.00224282
-0.4221  0.00280089
-0.425888  0.00238072
-0.423023  0.00240623
-0.428469  0.00229798
-0.427485  0.0026085
-0.424445  0.00254361
-0.425433  0.00247376
-0.427232  0.00203697
-0.428438  0.00253067
-0.431704  0.00241636
-0.429328  0.00203668
-0.425596  0.00261117
-0.429634  0.00237186
-0.428457  0.00270145
-0.423405  0.00223363
-0.425048  0.00218215
-0.423376  0.00203989
-0.428319  0.00210079
-0.42495  0.00234197
-0.428374  0.00197362
-0.427461  0.00196269
-0.429113  0.00222987
-0.426763  0.00250564
-0.43017  0.0024078
-0.428631  0.0024118
-0.428822  0.00244096
-0.430666  0.00189704
-0.428214  0.00231718
-0.427335  0.00238841
-0.425397  0.00260773
-0.430972  0.00279435
-0.430733  0.00263367
-0.42842  0.00218271
-0.425425  0.00318904
-0.42125  0.00236291
-0.430403  0.00252472
-0.424653  0.00219669
-0.423249  0.00216665
-0.428656  0.00250661
-0.429043  0.00245921
-0.427514  0.00191718
-0.425834  0.00281816
-0.426994  0.00318088
-0.42783  0.00223714
-0.424479  0.00371407
-0.428193  0.00203527
-0.425774  0.00230466
-0.424226  0.0023663
-0.42958  0.00190633
-0.428287  0.00202655
-0.425355  0.00198813
-0.42798  0.00246135
-0.424504  0.00228615
-0.422999  0.00223393
-0.427449  0.00218406
-0.425412  0.00312281
-0.432477  0.00228019
-0.423894  0.00229682
-0.431116  0.00190231
-0.428644  0.00265556
-0.420963  0.00303879
-0.420467  0.00207312
-0.422581  0.00278313
-0.429882  0.0024729
-0.425345  0.00248554
-0.43049  0.001828
-0.431762  0.00213257
-0.429871  0.00253286
-0.432471  0.00217404
-0.431488  0.00233744
-0.430961  0.00246881
-0.434154  0.00213811
-0.432242  0.00230326
-0.432731  0.00261949
-0.429783  0.00236655
-0.430686  0.00209769
-0.42945  0.00230299
-0.430266  0.00190372
-0.431752  0.00251015
-0.429234  0.00248119
-0.434298  0.00204384
-0.432835  0.0022554
-0.434434  0.00198578
-0.430158  0.00236917
-0.434636  0.0019626
-0.434583  0.00248311
-0.437633  0.00204046
-0.42919  0.0025428
-0.431394  0.00277081
-0.434367  0.00204425
-0.433268  0.00264004
-0.431601  0.00286067
-0.435333  0.00249281
-0.436023  0.00210641
-0.437175  0.00235654
-0.434488  0.0024973
-0.431218  0.00231543
-0.433728  0.00247037
-0.436436  0.00219125
-0.432934  0.0029067
-0.433856  0.0028913
-0.434575  0.00262091
-0.438516  0.00281946
-0.436385  0.00267665
-0.438022  0.00233931
-0.436739  0.00196983
-0.434574  0.00227395
-0.43664  0.00260358
-0.438243  0.00192053
-0.439869  0.00239321
-0.439611  0.00258537
-0.438306  0.00207258
-0.437089  0.00244807
-0.43692  0.00219367
-0.435423  0.0020129
-0.430137  0.0026671
-0.432836  0.00247972
-0.433149  0.00218668
-0.433956  0.00190982
-0.432728  0.00265783
-0.431235  0.00260751
-0.438877  0.0024005
-0.432533  0.00200534
-0.4373  0.00250011
-0.4371  0.00229173
-0.434228  0.00242717
-0.434406  0.00243461
-0.436451  0.00240336
-0.424302  0.00317149
-0.434599  0.00274586
-0.434803  0.00280862
-0.434856  0.00274935
-0.434237  0.00282904
-0.433633  0.00226119
-0.433784  0.00207991
-0.436029  0.00188312
-0.432216  0.00250636
-0.432585  0.00255703
-0.434524  0.00251421
-0.435223  0.00272936
-0.436718  0.00214836
-0.436671  0.00180075
-0.435585  0.00247465
-0.434775  0.00286529
-0.439787  0.00250542
-0.439835  0.00213973
-0.436671  0.00253159
-0.441386  0.00227589
-0.435586  0.00187748
-0.438733  0.00196299
-0.434971  0.00254858
-0.438352  0.00221339
-0.441468  0.00219682
-0.443436  0.00207099
-0.438642  0.00201498
-0.442369  0.00183545
-0.437285  0.00239014
-0.441784  0.00216182
-0.436515  0.00274112
-0.443425  0.00228511
-0.440085  0.00271951
-0.445775  0.00185381
-0.443721  0.0021025
-0.443197  0.00241924
-0.441044  0.00231291
-0.442387  0.00214946
-0.436672  0.0028708
-0.439327  0.00208298
-0.443898  0.00219702
-0.439106  0.00246104
-0.438771  0.00267899
-0.43898  0.00190897
-0.439318  0.00238718
-0.437179  0.00220674
-0.436541  0.00170366
-0.436251  0.00261532
-0.438826  0.0022794
-0.437122  0.00266804
-0.437834  0.00258357
-0.434965  0.00416601
-0.434533  0.00262042
-0.437577  0.00235149
-0.431608  0.00329796
-0.438682  0.00230874
-0.435527  0.00216759
-0.436456  0.00248565
-0.437689  0.00273159
-0.435421  0.00208908
-0.436647  0.00259852
-0.435726  0.00216173
-0.434512  0.00180406
-0.433445  0.00213211
-0.433615  0.00237219
-0.433447  0.00265688
-0.435062  0.00217627
-0.434753  0.00225406
-0.434432  0.00276458
-0.435215  0.00224328
-0.435453  0.00232641
-0.437442  0.0022339
-0.434745  0.00238028
-0.436103  0.00212254
-0.435765  0.00259965
-0.433757  0.00213925
-0.438987  0.00199611
-0.437881  0.00198194
-0.436494  0.00265974
-0.431169  0.00276269
-0.430241  0.00442132
-0.43788  0.00224775
-0.435742  0.00280703
-0.435008  0.00260202
-0.4356  0.00227895
-0.432312  0.00292793
-0.433316  0.00228192
-0.43212  0.00237845
-0.431604  0.00216586
-0.432943  0.00227612
-0.438634  0.00235379
-0.426455  0.00276725
-0.434592  0.00213395
-0.427138  0.00340356
-0.436929  0.00264066
-0.433414  0.00230152
-0.431953  0.00230401
-0.43393  0.00279196
-0.434119  0.00210927
-0.432159  0.00273283
-0.433555  0.00249777
-0.438211  0.00206629
-0.433346  0.00236628
-0.432679  0.00245448
-0.435518  0.00240866
-0.435585  0.00240729
-0.440085  0.00197833
-0.438834  0.00288288
-0.440192  0.00244469
-0.436845  0.00267571
-0.438881  0.00198819
-0.43846  0.00218814
-0.435909  0.0034355
-0.434665  0.00294185
-0.435075  0.00209384
-0.436192  0.00261997
-0.430372  0.003094
-0.435992  0.00311195
-0.436354  0.00251649
-0.437137  0.00229517
-0.438543  0.00266479
-0.440888  0.00225674
-0.435107  0.00212574
-0.439899  0.00216624
-0.435519  0.00230188
-0.441438  0.00237093
-0.436507  0.00221272
-0.435727  0.00239118
-0.436793  0.0024815
-0.438264  0.00214994
-0.440111  0.00230517
-0.436945  0.00252381
-0.442812  0.00197856
-0.441629  0.0024215
-0.438254  0.00317593
-0.441515  0.00226117
-0.439753  0.00286009
-0.44071  0.00212235
-0.439695  0.00206344
-0.441257  0.00212387
-0.4377  0.00245385
-0.438055  0.00294089
-0.437589  0.00226667
-0.440404  0.00205781
-0.43873  0.00264631
-0.439149  0.00247443
-0.44142  0.00212072
-0.442747  0.00228084
-0.43823  0.00283169
-0.436066  0.00266935
-0.439146  0.00331042
-0.443789  0.00197961
-0.440155  0.00221705
-0.438309  0.00274925
-0.442327  0.00246841
-0.443617  0.00208352
-0.438486  0.00228736
-0.446373  0.00201713
-0.443938  0.00205567
-0.440813  0.00249254
-0.437903  0.00289506
-0.443646  0.00229995
-0.440957  0.00209028
-0.439886  0.00224217
-0.441847  0.00207797
-0.44219  0.00219107
-0.43835  0.00273535
-0.437655  0.00371458
-0.442367  0.00210791
-0.442855  0.00175586
-0.442775  0.00287732
-0.443569  0.00204916
-0.443508  0.00220671
-0.444322  0.00192504
-0.440684  0.00238615
-0.43733  0.00256134
-0.441786  0.0019659
-0.442186  0.00216466
-0.437275  0.00249571
-0.445721  0.0018364
-0.443668  0.00212701
-0.445063  0.00220271
-0.445964  0.00206805
-0.442529  0.00180005
-0.440996  0.00278604
-0.443178  0.00224896
-0.445621  0.00225074
-0.440188  0.00310861
-0.446603  0.00200113
-0.446857  0.00186682
-0.441382  0.00252398
-0.442214  0.00233934
-0.443088  0.00216883
-0.43979  0.00212798
-0.444405  0.00234131
-0.440864  0.00389091
-0.44554  0.00218522
-0.443474  0.00252072
-0.443145  0.00222425
-0.441305  0.00246872
-0.442701  0.00250138
-0.441262  0.00236987
-0.442863  0.00233292
-0.44013  0.00532089
-0.447006  0.00264752
-0.441404  0.00228201
-0.443393  0.00253889
-0.446367  0.00263489
-0.440746  0.0021587
-0.445771  0.00212912
-0.443637  0.00307071
-0.444844  0.00213032
-0.445326  0.00238505
-0.438568  0.00262466
-0.444701  0.00212807
-0.443661  0.00177074
-0.442899  0.00209553
-0.439539  0.00360418
-0.438409  0.00360306
-0.438931  0.00247216
-0.44041  0.00219895
-0.437288  0.00271336
-0.437015  0.00296237
-0.444792  0.00190966
-0.446568  0.00195341
-0.442185  0.00298667
-0.444006  0.00296014
-0.442184  0.00231521
-0.441677  0.00209133
-0.443862  0.00213092
-0.441616  0.00265227
-0.439875  0.00357427
-0.444143  0.0020859
-0.44463  0.00231377
-0.440925  0.00243377
-0.446043  0.00238248
-0.447364  0.00204117
-0.441715  0.00244955
-0.442623  0.00270186
-0.446004  0.00228722
-0.444433  0.00251204
-0.444292  0.00209801
-0.445389  0.00267192
-0.444634  0.00259557
-0.443145  0.00291367
-0.440421  0.00259562
-0.445936  0.00202529
-0.438325  0.00299119
-0.442762  0.00222455
-0.4406  0.002551
-0.437576  0.00304631
-0.449693  0.00205099
-0.446111  0.00258147
-0.44217  0.00301963
-0.443098  0.00322222
-0.443421  0.00231482
-0.442073  0.00263341
-0.442961  0.00295677
-0.440313  0.00277869
-0.438288  0.00372267
-0.4464  0.00260108
-0.436329  0.00310762
-0.449528  0.00207265
-0.444081  0.00213965
-0.447139  0.00224932
-0.44242  0.00241228
-0.445024  0.00263659
-0.444333  0.002466
-0.43956  0.00359452
-0.440793  0.00336256
-0.444588  0.00246277
-0.44568  0.00275254
-0.443648  0.0032797
-0.440516  0.00301111
-0.441751  0.00242449
-0.442635  0.00273706
-0.443796  0.00256388
-0.446059  0.00289101
-0.447573  0.00216823
-0.448053  0.00199648
-0.447557  0.00214513
-0.444242  0.0023094
-0.445646  0.00233072
-0.45017  0.00177749
-0.441424  0.00262554
-0.445729  0.00203589
-0.444988  0.00230528
-0.445684  0.0020978
-0.441138  0.00238623
-0.444941  0.00189291
-0.442983  0.0021326
-0.443764  0.00237486
-0.446863  0.00222968
-0.44341  0.00222281
-0.445011  0.00236007
-0.43986  0.00238706
-0.444643  0.0027799
-0.439897  0.00242558
-0.445737  0.00211296
-0.44231  0.00181701
-0.446363  0.00193471
-0.43667  0.00266426
-0.442899  0.00204206
-0.446719  0.0021498
-0.443842  0.00216058
-0.443805  0.0021656
-0.444968  0.00228799
-0.440288  0.0030295
-0.440887  0.00269409
-0.44241  0.00210292
-0.443575  0.00178344
-0.442618  0.00217795
-0.442156  0.00176512
-0.442979  0.00193676
-0.446311  0.00250694
-0.443817  0.00181135
-0.439133  0.00247073
-0.444125  0.00195403
-0.445219  0.00207497
-0.438691  0.00222065
-0.443038  0.00201892
-0.438621  0.00249352
-0.436227  0.00235425
-0.438309  0.00252956
-0.439354  0.00239758
-0.442549  0.00234801
-0.443859  0.00182613
-0.445378  0.00191335
-0.442399  0.00195004
-0.441573  0.0022315
-0.441142  0.00228853
-0.444493  0.00173547
-0.439957  0.00212492
-0.442243  0.00209078
-0.442354  0.00226873
-0.442612  0.0024226
-0.443574  0.00199635
-0.441802  0.00213066
-0.438137  0.00249373
-0.442015  0.00212037
-0.440804  0.00198146
-0.442762  0.00221488
-0.439667  0.00205697
-0.440213  0.00196182
-0.439535  0.00194006
-0.440065  0.00200154
-0.440071  0.0018169
-0.439145  0.00195324
-0.439619  0.00183638
-0.439965  0.00230171
-0.435727  0.0030586
-0.438373  0.00232801
-0.439592  0.00241097
-0.439269  0.00230793
-0.435545  0.00203614
-0.43775  0.0020858
-0.433062  0.00256256
-0.438826  0.00212976
-0.442108  0.00183844
-0.439299  0.00196038
-0.437204  0.00201086
-0.437311  0.0019742
-0.435615  0.00215935
-0.441244  0.00204283
-0.439962  0.00185703
-0.443733  0.00204835
-0.439147  0.00188802
-0.437211  0.0020431
-0.442453  0.00208669
-0.437798  0.00212318
-0.439153  0.00193337
-0.43991  0.00202663
-0.435229  0.00255823
-0.439253  0.00209585
-0.438495  0.00176666
-0.439872  0.00201867
-0.444354  0.00200098
-0.438206  0.00215365
-0.43499  0.00200042
-0.436883  0.00195274
-0.440382  0.00203029
-0.438813  0.00196306
-0.438146  0.00196438
-0.435539  0.00219231
-0.442066  0.00194741
-0.436579  0.00223594
-0.437569  0.00213732
-0.439797  0.00205942
-0.437322  0.00191422
-0.439915  0.00223227
-0.437938  0.00207141
-0.439741  0.0019384
-0.43833  0.00214112
-0.441509  0.00236885
-0.440599  0.00197418
-0.438858  0.00230393
-0.44131  0.00224345
-0.440674  0.0021542
-0.440711  0.00206283
-0.442216  0.00216336
-0.443959  0.00203952
-0.437903  0.00243125
-0.444539  0.00203862
-0.442305  0.00185967
-0.443716  0.00219741
-0.44458  0.00197038
-0.440544  0.00243519
-0.443628  0.00216649
-0.441787  0.00242231
-0.440374  0.00230042
-0.442717  0.00222865
-0.444609  0.00172577
-0.44075  0.00195264
-0.442214  0.00203727
-0.440485  0.00198966
-0.439721  0.00248003
-0.440066  0.00225679
-0.438705  0.00194787
-0.443674  0.00214627
-0.442839  0.00180104
-0.443338  0.00223814
-0.443129  0.00206398
-0.442951  0.00221111
-0.445789  0.00185959
-0.445739  0.00196647
-0.44221  0.00177794
-0.443063  0.00216549
-0.441585  0.00183019
-0.438748  0.00247995
-0.439834  0.00206953
-0.439765  0.00214603
-0.439985  0.00165093
-0.445614  0.00180042
-0.440197  0.00177294
-0.445325  0.00202272
-0.444022  0.00172032
-0.439175  0.0031998
-0.444324  0.00200957
-0.440868  0.00254391
-0.442048  0.00246684
-0.436927  0.00242565
-0.438806  0.00223379
-0.443054  0.00234666
-0.439501  0.00232034
-0.444312  0.00204696
-0.443622  0.00253543
-0.440433  0.00219075
-0.442772  0.00200302
-0.442488  0.00197469
-0.443381  0.00240704
-0.444597  0.00205247
-0.440005  0.00203226
-0.439507  0.0023536
-0.441907  0.00230706
-0.445479  0.00272314
-0.440857  0.00258768
-0.438834  0.00225857
-0.441247  0.0021484
-0.442767  0.00184454
-0.436171  0.00244013
-0.444167  0.00190542
-0.44447  0.00195379
-0.441412  0.00264433
-0.443054  0.00206811
-0.439106  0.00232612
-0.44423  0.00226082
-0.442651  0.00194653
-0.444922  0.00177009
-0.440483  0.00213891
-0.44115  0.00207267
-0.442227  0.00185917
-0.438497  0.00226408
-0.441219  0.00228831
-0.443684  0.0018812
-0.439003  0.00186108
-0.441799  0.00184051
-0.443372  0.00177515
-0.440227  0.00198865
-0.44344  0.00180344
-0.444365  0.00185157
-0.446576  0.00196179
-0.44287  0.00179194
-0.440922  0.00202714
-0.442833  0.00203746
-0.440112  0.00178933
-0.442777  0.0022706
-0.440489  0.00220783
-0.440593  0.0021497
-0.441344  0.00186512
-0.439028  0.00240919
-0.440638  0.00226417
-0.439102  0.00211858
-0.442196  0.00204062
-0.440655  0.00187615
-0.441814  0.00240677
-0.4433  0.00202059
-0.441047  0.00203544
-0.438256  0.00217952
-0.439427  0.00230142
-0.444698  0.00187268
-0.441275  0.00205695
-0.442563  0.00189758
-0.440969  0.00205682
-0.438892  0.00198387
-0.442906  0.00172251
-0.439819  0.00263904
-0.445794  0.00183875
-0.439438  0.00221979
-0.438763  0.00225156
-0.438333  0.0023151
-0.439431  0.00237453
-0.442171  0.0024434
-0.442563  0.00243318
-0.44613  0.00181397
-0.443074  0.00200675
-0.444654  0.00207867
-0.442462  0.00198535
-0.440445  0.0027601
-0.444794  0.00226969
-0.440049  0.00307393
-0.444496  0.00206996
-0.443788  0.00205331
-0.439942  0.00214937
-0.441455  0.00283733
-0.442234  0.0022062
-0.438711  0.00220993
-0.437458  0.00293585
-0.437962  0.0022449
-0.441868  0.00242922
-0.441586  0.00204114
-0.443574  0.00243023
-0.436793  0.00301411
-0.436238  0.0024208
-0.437933  0.00198317
-0.440152  0.00228079
-0.44233  0.00230339
-0.440092  0.00230485
-0.442329  0.00207316
-0.439268  0.00216405
-0.439656  0.00221255
-0.444793  0.0021668
-0.444024  0.00219469
-0.442111  0.00236809
-0.438273  0.00297599
-0.441335  0.00275086
-0.440772  0.00220517
-0.438739  0.00236184
-0.435883  0.00320487
-0.440266  0.00218146
-0.442396  0.00208138
-0.440357  0.00230351
-0.440864  0.00191096
-0.440397  0.00245488
-0.442818  0.00243588
-0.440885  0.00209575
-0.442156  0.00205056
-0.441093  0.00241383
-0.443095  0.00221564
-0.44345  0.0017832
-0.443973  0.00218999
-0.441758  0.00224787
-0.442248  0.00213663
-0.440801  0.0020383
-0.440477  0.00286331
-0.434612  0.00320038
-0.444448  0.00205034
-0.442146  0.0023244
-0.437486  0.00257838
-0.443953  0.00266591
-0.439896  0.00286094
-0.436528  0.00279551
-0.441214  0.00233089
-0.438141  0.0029168
-0.440826  0.00219913
-0.436789  0.00335749
-0.440686  0.00211
-0.440861  0.00247864
-0.438207  0.00303584
-0.434838  0.00276605
-0.438684  0.00294723
-0.438039  0.00229808
-0.439161  0.00232009
-0.434827  0.00343789
-0.440956  0.00280073
-0.442065  0.0024085
-0.441719  0.00249618
-0.432833  0.00321954
-0.437006  0.00391827
-0.435582  0.00265035
-0.437621  0.0022118
-0.441113  0.00237852
-0.438563  0.00231947
-0.444507  0.00256715
-0.44711  0.00214142
-0.443707  0.00242153
-0.442653  0.00221666
-0.442067  0.00235258
-0.440369  0.00228215
-0.43734  0.00285165
-0.440749  0.00247094
-0.438787  0.00248748
-0.443694  0.00210145
-0.439441  0.00231675
-0.442193  0.00285181
-0.439685  0.0026773
-0.441059  0.00219038
-0.442215  0.00266852
-0.440603  0.00254852
-0.441812  0.00245175
-0.439236  0.00240288
-0.440048  0.00283859
-0.440185  0.00261605
-0.437425  0.00266499
-0.439862  0.00250851
-0.439226  0.00276424
-0.43816  0.0030624
-0.439369  0.00233093
-0.438978  0.00271995
-0.440918  0.00319205
-0.439724  0.00299428
-0.442802  0.00203888
-0.442147  0.00228073
-0.439769  0.00233175
-0.446426  0.00219004
-0.437989  0.00307313
-0.439086  0.00246312
-0.43796  0.00329735
-0.440973  0.00252293
-0.437331  0.00225036
-0.441921  0.00243938
-0.441101  0.00325262
-0.441632  0.00218838
-0.445002  0.00239634
-0.4454  0.00239646
-0.440071  0.00269266
-0.44224  0.00236788
-0.441197  0.00211105
-0.437887  0.00279891
-0.441676  0.00241165
-0.444139  0.00302499
-0.446861  0.00205671
-0.439673  0.00265055
-0.442887  0.00247552
-0.442141  0.00226095
-0.440862  0.00240057
-0.441047  0.00269912
-0.440148  0.00246527
-0.444664  0.00214677
-0.44144  0.00223701
-0.436284  0.00272162
-0.444161  0.0020297
-0.43914  0.00363975
-0.439491  0.00261845
-0.44358  0.00203276
-0.439968  0.00282137
-0.442683  0.00220435
-0.436925  0.00242191
-0.43675  0.00256
-0.44167  0.00208436
-0.439176  0.00276159
-0.437571  0.00274092
-0.43634  0.00309503
-0.441364  0.00188788
-0.434951  0.00267798
-0.436774  0.00253935
-0.435167  0.00301981
-0.439344  0.00287038
-0.440601  0.00228892
-0.439325  0.00245095
-0.438145  0.00254451
-0.440506  0.00226837
-0.435396  0.00275732
-0.438116  0.0029895
-0.434515  0.00246591
-0.436357  0.00293864
-0.438048  0.00240427
-0.436069  0.00354355
-0.437869  0.00278449
-0.435419  0.00284571
-0.435447  0.0026089
-0.440087  0.00244455
-0.438394  0.00292169
-0.439425  0.00276059
-0.441111  0.00261427
-0.433516  0.00287696
-0.437835  0.00230145
-0.440689  0.00246658
-0.433498  0.00290242
-0.435213  0.00266414
-0.43827  0.00248292
-0.434795  0.00356817
-0.438569  0.00269755
-0.434891  0.00376209
-0.434572  0.00279957
-0.439017  0.00231158
-0.435663  0.00284369
-0.432248  0.00301089
-0.437844  0.0024365
-0.429553  0.00336896
-0.433752  0.00278091
-0.431329  0.00344845
-0.435589  0.00278885
-0.432702  0.00358712
-0.434818  0.00254865
-0.433967  0.00232192
-0.431043  0.0028862
-0.435107  0.00255799
-0.437092  0.00290771
-0.429957  0.00418151
-0.43038  0.00339178
-0.436326  0.00265178
-0.435177  0.00193337
-0.438994  0.00240123
-0.438138  0.00228999
-0.430606  0.00295378
-0.439507  0.0027256
-0.437085  0.00227246
-0.434469  0.00301629
-0.437422  0.00258923
-0.427319  0.00509008
-0.4387  0.00227878
-0.440357  0.0020849
-0.440055  0.00256405
-0.438193  0.00225404
-0.42989  0.00298615
-0.433665  0.00431943
-0.436811  0.00249023
-0.433065  0.00326862
-0.439674  0.00215384
-0.434434  0.00276705
-0.429404  0.0046204
-0.434369  0.00280458
-0.432597  0.00288373
-0.434094  0.00291096
-0.440386  0.00265661
-0.434404  0.0030786
-0.431939  0.00355741
-0.439686  0.00220141
-0.433702  0.00346378
-0.432443  0.00257241
-0.433454  0.00251483
-0.43716  0.00228973
-0.433927  0.00253525
-0.430714  0.00309604
-0.433908  0.00254708
-0.436326  0.00262173
-0.438184  0.0024276
-0.439805  0.00229446
-0.432216  0.00331885
-0.444444  0.00200381
-0.438754  0.00272697
-0.437727  0.00270501
-0.432443  0.00373998
-0.43988  0.00215628
-0.438545  0.00252455
-0.439005  0.0024598
-0.438016  0.00273296
-0.435478  0.00285765
-0.439599  0.00247258
-0.435457  0.00217624
-0.435277  0.00238399
-0.434871  0.00239989
-0.437697  0.00263944
-0.441026  0.00258554
-0.4381  0.00242673
-0.436713  0.0025438
-0.437536  0.00239456
-0.43558  0.00479037
-0.436502  0.00243308
-0.440338  0.00220811
-0.433966  0.00261005
-0.440046  0.00183011
-0.439034  0.00270674
-0.439861  0.00229571
-0.430194  0.00510861
-0.441649  0.00224959
-0.441009  0.00228606
-0.438148  0.00225233
-0.434104  0.00265374
-0.440148  0.00217834
-0.439618  0.00219565
-0.43503  0.00264055
-0.438856  0.00278256
-0.441479  0.00209976
-0.44159  0.00239228
-0.436236  0.00291505
-0.43627  0.00232649
-0.433702  0.00272837
-0.435574  0.00242745
-0.43583  0.00267469
-0.43677  0.00226966
-0.444044  0.00269773
-0.437766  0.00179585
-0.437498  0.00207413
-0.436313  0.00200033
-0.438533  0.00218901
-0.438638  0.00209207
-0.436744  0.00214276
-0.434029  0.00257297
-0.441264  0.00246655
-0.436539  0.00220436
-0.441026  0.00203234
-0.440235  0.00214485
-0.436675  0.00252433
-0.442531  0.00207059
-0.43434  0.00265272
-0.439264  0.00183157
-0.432374  0.00230604
-0.43845  0.00246655
-0.439147  0.00252756
-0.437985  0.00274441
-0.439766  0.0018201
-0.439642  0.00209812
-0.439702  0.0028442
-0.430085  0.00322589
-0.436316  0.00261677
-0.438587  0.00248175
-0.439155  0.00229027
-0.439831  0.00258464
-0.435795  0.00273984
-0.436694  0.00273186
-0.443176  0.00254944
-0.438583  0.00230617
-0.435738  0.00256808
-0.444589  0.00230449
-0.441604  0.00266706
-0.434484  0.0024752
-0.439288  0.00218337
-0.437516  0.00217583
-0.437446  0.00250084
-0.437552  0.00235057
-0.438375  0.00251789
-0.442774  0.00197857
-0.43769  0.00230491
-0.436586  0.0024563
-0.435533  0.00243008
-0.435052  0.00274467
-0.439259  0.00189462
-0.439276  0.00212006
-0.437331  0.00210964
-0.439955  0.00317998
-0.43628  0.00243462
-0.436724  0.00253586
-0.438042  0.00232097
-0.442116  0.00197452
-0.43729  0.00245236
-0.439912  0.00190301
-0.440603  0.00264003
-0.437472  0.00222959
-0.438241  0.00222719
-0.439218  0.00241466
-0.437103  0.00308848
-0.439797  0.00207958
-0.440244  0.00215342
-0.43932  0.00224689
-0.436984  0.00222608
-0.441442  0.00248612
-0.438912  0.00196761
-0.437258  0.0029825
-0.436755  0.00260122
-0.437831  0.00236864
-0.439331  0.00242078
-0.434839  0.00261484
-0.438585  0.00226946
-0.433291  0.00287286
-0.437885  0.00240922
-0.435957  0.0023672
-0.441439  0.00298665
-0.440305  0.0019663
-0.439378  0.00248696
-0.435657  0.00234737
-0.440981  0.00223891
-0.436701  0.00279435
-0.439721  0.00214033
-0.439754  0.00259249
-0.436146  0.00253634
-0.43446  0.00251511
-0.438735  0.00281381
-0.431202  0.00337755
-0.439251  0.00208373
-0.436623  0.00272967
-0.440223  0.00244303
-0.436969  0.00252604
-0.438202  0.00252268
-0.438229  0.00233843
-0.432396  0.00261149
-0.433442  0.00394621
-0.434146  0.0026973
-0.437361  0.00259247
-0.442138  0.00228175
-0.442017  0.00196746
-0.436932  0.0030583
-0.439678  0.00251919
-0.440764  0.00267825
-0.432153  0.00300887
-0.439505  0.00226829
-0.439604  0.00260605
-0.439308  0.00288735
-0.436056  0.00301035
-0.441851  0.00268709
-0.43922  0.00239348
-0.436478  0.00261908
-0.43846  0.00326616
-0.43657  0.0030377
-0.440253  0.00235076
-0.440538  0.0025785
-0.437661  0.00239596
-0.438886  0.00236477
-0.444109  0.00206914
-0.441061  0.00216828
-0.436305  0.00338933
-0.435968  0.00270793
-0.436329  0.00266091
-0.438379  0.00222869
-0.439789  0.00256269
-0.445531  0.0020471
-0.437956  0.00272044
-0.438521  0.00232743
-0.435851  0.00256145
-0.438806  0.00275141
-0.436306  0.00252396
-0.433952  0.00275651
-0.439411  0.00242434
-0.435192  0.00318197
-0.437762  0.00229827
-0.438817  0.00230815
-0.434475  0.00290597
-0.437598  0.00227288
-0.436277  0.00279319
-0.438031  0.00245686
-0.439475  0.00246703
-0.436737  0.0026221
-0.435052  0.00280329
-0.44073  0.00307998
-0.437797  0.00304739
-0.441054  0.00242236
-0.436899  0.0031237
-0.443095  0.00256827
-0.434201  0.0032282
-0.437892  0.00308697
-0.439534  0.00249975
-0.440098  0.00220696
-0.437424  0.00242298
-0.436035  0.00253965
-0.436036  0.00269505
-0.434844  0.00270558
-0.439695  0.00234563
-0.43953  0.00228337
-0.437364  0.00239442
-0.438332  0.00243239
-0.439869  0.00208444
-0.437362  0.00257318
-0.438432  0.00233354
-0.434319  0.00254204
-0.435545  0.00296777
-0.434184  0.00286676
-0.43417  0.00267063
-0.432603  0.0027033
-0.439934  0.00245371
-0.437018  0.00258026
-0.435142  0.00260256
-0.437858  0.00305015
-0.442618  0.00200894
-0.438195  0.00335682
-0.43615  0.00259525
-0.436824  0.00283064
-0.436137  0.00262039
-0.439445  0.00206107
-0.4381  0.00291979
-0.430207  0.00314664
-0.436397  0.00259446
-0.433207  0.003042
-0.44009  0.00236
-0.438852  0.00220987
-0.440193  0.00235527
-0.437059  0.00214545
-0.434139  0.00325087
-0.438416  0.00246247
-0.435981  0.00343166
-0.434664  0.00232313
-0.432577  0.00265133
-0.433305  0.00278411
-0.439181  0.00242334
-0.437615  0.00233762
-0.435758  0.00249106
-0.437534  0.00248804
-0.434887  0.00233082
-0.437099  0.00233159
-0.434542  0.00338081
-0.437689  0.00212971
-0.436786  0.00202765
-0.435031  0.00248127
-0.437783  0.00261568
-0.437242  0.00222531
-0.437964  0.00206933
-0.437842  0.00187996
-0.437486  0.00259054
-0.433787  0.00308369
-0.436063  0.00260957
-0.437955  0.00246581
-0.440536  0.00247789
-0.441483  0.00223936
-0.443044  0.00212045
-0.438427  0.00279504
-0.43525  0.00328685
-0.441564  0.00269605
-0.441153  0.00225775
-0.442367  0.00191027
-0.438493  0.00263753
-0.436034  0.00359277
-0.441045  0.00226704
-0.44186  0.00255744
-0.434921  0.00328091
-0.43821  0.00278485
-0.438712  0.00335107
-0.439006  0.0023907
-0.438584  0.00243796
-0.443043  0.00225301
-0.437719  0.00270238
-0.444283  0.0020881
-0.438678  0.00257016
-0.438218  0.00223931
-0.434875  0.00336338
-0.438578  0.00310946
-0.436752  0.00337117
-0.443529  0.00240894
-0.437639  0.00312421
-0.432667  0.00338008
-0.437505  0.00285304
-0.435616  0.00270508
-0.438797  0.00256744
-0.435713  0.0035414
-0.435446  0.00308761
-0.435976  0.00270801
-0.438331  0.00218071
-0.43637  0.00289725
-0.440526  0.0028998
-0.43421  0.00284696
-0.443241  0.00235484
-0.438856  0.00229478
-0.438006  0.00326348
-0.43822  0.0026414
-0.439399  0.00291785
-0.440172  0.00239428
-0.44176  0.00196266
-0.444026  0.0021902
-0.441111  0.00252561
-0.442626  0.00296291
-0.434729  0.00300191
-0.440772  0.0027845
-0.440561  0.00236774
-0.436425  0.0028973
-0.438551  0.0027858
-0.431647  0.00270616
-0.436141  0.00361191
-0.435577  0.00318806
-0.434917  0.0029295
-0.43342  0.00282055
-0.434684  0.0044154
-0.439466  0.00271443
-0.439919  0.00237693
-0.437821  0.00290848
-0.436355  0.0025719
-0.435638  0.0027661
-0.438056  0.00341143
-0.437838  0.00282293
-0.438819  0.00244276
-0.434685  0.00339939
-0.438799  0.00264714
-0.436098  0.00328002
-0.435662  0.00242609
-0.437935  0.00282695
-0.439581  0.00284136
-0.437905  0.00313905
-0.430481  0.00346149
-0.432613  0.0031666
-0.434171  0.00287914
-0.437485  0.0027495
-0.440766  0.00231512
-0.438087  0.0026012
-0.437757  0.002578
-0.439357  0.00243391
-0.439061  0.00243426
-0.438552  0.0027175
-0.437113  0.00249796
-0.438994  0.002566
-0.435524  0.00272498
-0.434781  0.00261738
-0.430398  0.00304176
-0.431446  0.00405858
-0.428933  0.0038918
-0.437315  0.00241626
-0.434779  0.00276925
-0.423763  0.00417297
-0.435331  0.0033399
-0.440518  0.00248704
-0.43533  0.00291657
-0.434014  0.00287384
-0.434878  0.00287843
-0.431124  0.00316703
-0.431827  0.00324139
-0.434293  0.00285853
-0.438414  0.00225706
-0.43325  0.0026242
-0.436048  0.00226864
-0.436703  0.00244056
-0.435489  0.00280797
-0.435021  0.00272899
-0.434861  0.00235282
-0.434137  0.0022432
-0.435338  0.00273963
-0.433275  0.00297162
-0.432768  0.00294958
-0.43246  0.00382301
-0.428958  0.00364386
-0.437456  0.00256136
-0.439462  0.00245263
-0.435974  0.00323548
-0.435042  0.0031335
-0.435767  0.00277324
-0.433824  0.00361615
-0.437507  0.00254044
-0.432052  0.00343272
-0.430434  0.00313141
-0.432329  0.0033269
-0.434174  0.00291207
-0.427099  0.00396405
-0.428443  0.00319908
-0.430617  0.00325574
-0.43127  0.00282698
-0.429863  0.00349602
-0.428524  0.00361436
-0.432021  0.00313051
-0.429561  0.00392838
-0.429699  0.00344672
-0.43001  0.00343056
-0.428252  0.00394843
-0.433481  0.00368965
-0.42918  0.00350452
-0.428682  0.00432471
-0.428997  0.00309721
-0.431068  0.00318577
-0.434544  0.00299863
-0.430284  0.00314358
-0.430852  0.00360774
-0.431653  0.00329562
-0.43499  0.00311447
-0.432256  0.00325464
-0.42691  0.00327523
-0.435603  0.00266987
-0.427449  0.00313795
-0.430736  0.00318448
-0.429388  0.00385233
-0.433217  0.00347735
-0.434093  0.00354474
-0.434094  0.00299224
-0.431762  0.00307611
-0.43226  0.00301433
-0.427288  0.00317393
-0.43227  0.00313897
-0.429391  0.00315213
-0.437084  0.0030481
-0.434243  0.00249204
-0.435926  0.00300492
-0.43296  0.00364371
-0.432237  0.00303285
-0.432757  0.00392764
-0.43175  0.00278445
-0.432559  0.00318642
-0.428729  0.00325536
-0.42798  0.00347184
-0.434155  0.00342251
-0.435002  0.00442814
-0.429289  0.00406766
-0.434821  0.00254882
-0.424024  0.00802613
-0.426029  0.00484341
-0.434959  0.00405659
-0.436579  0.00292344
-0.434189  0.00386384
-0.432448  0.00271315
-0.437334  0.00310992
-0.432822  0.00289331
-0.434815  0.00277785
-0.433292  0.00334274
-0.433742  0.00301964
-0.436297  0.00268672
-0.433339  0.00294832
-0.435623  0.00301369
-0.4307  0.00321047
-0.430127  0.00375274
-0.433463  0.00317623
-0.43747  0.00293898
-0.431523  0.00271724
-0.434569  0.00360218
-0.436283  0.00294357
-0.436947  0.00279175
-0.42944  0.00341227
-0.431268  0.00366801
-0.434877  0.00309881
-0.438511  0.00209293
-0.4295  0.0032671
-0.433774  0.00582184
-0.434974  0.00286753
-0.429431  0.0032267
-0.432052  0.00387035
-0.435391  0.00255952
-0.43212  0.00348517
-0.430034  0.00330255
-0.437497  0.00245017
-0.433409  0.00297845
-0.433968  0.00437699
-0.434363  0.00338789
-0.433662  0.00323047
-0.432068  0.00302529
-0.42891  0.00378882
-0.436242  0.00258087
-0.430392  0.00285397
-0.432695  0.00291147
-0.434766  0.00314649
-0.433033  0.00300686
-0.436941  0.00291262
-0.435643  0.00275577
-0.438966  0.00234014
-0.4416  0.00223597
-0.435657  0.00299474
-0.431116  0.00332957
-0.433694  0.00368988
-0.435901  0.00301098
-0.43525  0.00296601
-0.430217  0.00383762
-0.429117  0.00324972
-0.434998  0.00307609
-0.434664  0.00291078
-0.437827  0.00249193
-0.43596  0.00280446
-0.433807  0.0024518
-0.436824  0.00309188
-0.437124  0.00239576
-0.43715  0.00243507
-0.436688  0.00358746
-0.432189  0.00305446
-0.437898  0.00268608
-0.433188  0.00269149
-0.428975  0.00350178
-0.431245  0.00282611
-0.430341  0.00295053
-0.432827  0.00268976
-0.431338  0.00311626
-0.431502  0.00376665
-0.432996  0.00307294
-0.434822  0.00286783
-0.433835  0.00296959
-0.437777  0.00217165
-0.439603  0.00261997
-0.435991  0.00356038
-0.434242  0.00260331
-0.43268  0.00273751
-0.436498  0.00347452
-0.43496  0.00322949
-0.433817  0.00237836
-0.436193  0.00257968
-0.435902  0.00318439
-0.430381  0.00321888
-0.433634  0.00312552
-0.435594  0.00321808
-0.435178  0.00318113
-0.438519  0.00293143
-0.433172  0.0037307
-0.439653  0.00269675
-0.43866  0.00333505
-0.43647  0.00305382
-0.429006  0.00330309
-0.435069  0.00257395
-0.429128  0.00319167
-0.435759  0.00259994
-0.437105  0.00239153
-0.4384  0.00317132
-0.436192  0.00290551
-0.435234  0.00347002
-0.437407  0.00303534
-0.431141  0.00317329
-0.435593  0.00266626
-0.43659  0.00274657
-0.425243  0.00438655
-0.430479  0.00322289
-0.433877  0.00309619
-0.433385  0.00319974
-0.433801  0.00290806
-0.429192  0.00401178
-0.432203  0.00295245
-0.433399  0.00258678
-0.433684  0.00313665
-0.435699  0.00241564
-0.424822  0.00354866
-0.433645  0.0030543
-0.43704  0.00281564
-0.436601  0.00304692
-0.431349  0.00285097
-0.429892  0.00297707
-0.432547  0.00341495
-0.435719  0.00301926
-0.429946  0.00296479
-0.432549  0.00337974
-0.430839  0.00320078
-0.430893  0.00352071
-0.430977  0.00296263
-0.431463  0.0036405
-0.424301  0.00388075
-0.433501  0.00243738
-0.434884  0.00369778
-0.43478  0.00304831
-0.429163  0.00341514
-0.431318  0.00314677
-0.431931  0.00294624
-0.430615  0.00337242
-0.4296  0.00371326
-0.427766  0.00413758
-0.429519  0.00381943
-0.426409  0.00421631
-0.433364  0.00288109
-0.437615  0.00354522
-0.434919  0.00332057
-0.432872  0.002941
-0.431968  0.00304367
-0.432276  0.00395929
-0.435029  0.00273741
-0.431535  0.00304452
