1
0.999
0.998001
0.997003
0.996006
0.99501
0.994015
0.993021
0.992028
0.991036
0.990045
0.989055
0.988066
0.987078
0.986091
0.985105
0.984119
0.983135
0.982152
0.98117
0.980189
0.979209
0.978229
0.977251
0.976274
0.975298
0.974322
0.973348
0.972375
0.971402
0.970431
0.969461
0.968491
0.967523
0.966555
0.965589
0.964623
0.963658
0.962695
0.961732
0.96077
0.959809
0.95885
0.957891
0.956933
0.955976
0.95502
0.954065
0.953111
0.952158
0.951206
0.950254
0.949304
0.948355
0.947407
0.946459
0.945513
0.944567
0.943623
0.942679
0.941736
0.940795
0.939854
0.938914
0.937975
0.937037
0.9361
0.935164
0.934229
0.933294
0.932361
0.931429
0.930497
0.929567
0.928637
0.927709
0.926781
0.925854
0.924928
0.924003
0.923079
0.922156
0.921234
0.920313
0.919393
0.918473
0.917555
0.916637
0.915721
0.914805
0.91389
0.912976
0.912063
0.911151
0.91024
0.90933
0.90842
0.907512
0.906604
0.905698
0.904792
0.903887
0.902983
0.90208
0.901178
0.900277
0.899377
0.898478
0.897579
0.896682
0.895785
0.894889
0.893994
0.8931
0.892207
0.891315
0.890424
0.889533
0.888644
0.887755
0.886867
0.88598
0.885094
0.884209
0.883325
0.882442
0.881559
0.880678
0.879797
0.878917
0.878038
0.87716
0.876283
0.875407
0.874531
0.873657
0.872783
0.87191
0.871039
0.870168
0.869297
0.868428
0.86756
0.866692
0.865825
0.86496
0.864095
0.86323
0.862367
0.861505
0.860643
0.859783
0.858923
0.858064
0.857206
0.856349
0.855492
0.854637
0.853782
0.852929
0.852076
0.851223
0.850372
0.849522
0.848672
0.847824
0.846976
0.846129
0.845283
0.844437
0.843593
0.842749
0.841907
0.841065
0.840224
0.839384
0.838544
0.837706
0.836868
0.836031
0.835195
0.83436
0.833525
0.832692
0.831859
0.831027
0.830196
0.829366
0.828537
0.827708
0.826881
0.826054
0.825228
0.824402
0.823578
0.822754
0.821932
0.82111
0.820289
0.819468
0.818649
0.81783
0.817012
0.816195
0.815379
0.814564
0.813749
0.812935
0.812123
0.81131
0.810499
0.809689
0.808879
0.80807
0.807262
0.806455
0.805648
0.804843
0.804038
0.803234
0.80243
0.801628
0.800826
0.800026
0.799226
0.798426
0.797628
0.79683
0.796033
0.795237
0.794442
0.793648
0.792854
0.792061
0.791269
0.790478
0.789687
0.788898
0.788109
0.787321
0.786533
0.785747
0.784961
0.784176
0.783392
0.782609
0.781826
0.781044
0.780263
0.779483
0.778703
0.777925
0.777147
0.77637
0.775593
0.774818
0.774043
0.773269
0.772496
0.771723
0.770951
0.77018
0.76941
0.768641
0.767872
0.767104
0.766337
0.765571
0.764805
0.76404
0.763276
0.762513
0.761751
0.760989
0.760228
0.759468
0.758708
0.757949
0.757191
0.756434
0.755678
0.754922
0.754167
0.753413
0.75266
0.751907
0.751155
0.750404
0.749654
0.748904
0.748155
0.747407
0.746659
0.745913
0.745167
0.744422
0.743677
0.742934
0.742191
0.741448
0.740707
0.739966
0.739226
0.738487
0.737749
0.737011
0.736274
0.735538
0.734802
0.734067
0.733333
0.7326
0.731867
0.731135
0.730404
0.729674
0.728944
0.728215
0.727487
0.72676
0.726033
0.725307
0.724581
0.723857
0.723133
0.72241
0.721687
0.720966
0.720245
0.719525
0.718805
0.718086
0.717368
0.716651
0.715934
0.715218
0.714503
0.713788
0.713075
0.712362
0.711649
0.710938
0.710227
0.709516
0.708807
0.708098
0.70739
0.706683
0.705976
0.70527
0.704565
0.70386
0.703156
0.702453
0.701751
0.701049
0.700348
0.699648
0.698948
0.698249
0.697551
0.696853
0.696156
0.69546
0.694765
0.69407
0.693376
0.692682
0.69199
0.691298
0.690606
0.689916
0.689226
0.688537
0.687848
0.68716
0.686473
0.685787
0.685101
0.684416
0.683731
0.683048
0.682365
0.681682
0.681001
0.68032
0.679639
0.67896
0.678281
0.677602
0.676925
0.676248
0.675572
0.674896
0.674221
0.673547
0.672873
0.6722
0.671528
0.670857
0.670186
0.669516
0.668846
0.668177
0.667509
0.666842
0.666175
0.665509
0.664843
0.664178
0.663514
0.662851
0.662188
0.661526
0.660864
0.660203
0.659543
0.658883
0.658225
0.657566
0.656909
0.656252
0.655596
0.65494
0.654285
0.653631
0.652977
0.652324
0.651672
0.65102
0.650369
0.649719
0.649069
0.64842
0.647772
0.647124
0.646477
0.64583
0.645184
0.644539
0.643895
0.643251
0.642608
0.641965
0.641323
0.640682
0.640041
0.639401
0.638761
0.638123
0.637485
0.636847
0.63621
0.635574
0.634938
0.634304
0.633669
0.633036
0.632403
0.63177
0.631138
0.630507
0.629877
0.629247
0.628618
0.627989
0.627361
0.626734
0.626107
0.625481
0.624855
0.62423
0.623606
0.622983
0.62236
0.621737
0.621116
0.620494
0.619874
0.619254
0.618635
0.618016
0.617398
0.616781
0.616164
0.615548
0.614932
0.614317
0.613703
0.613089
0.612476
0.611864
0.611252
0.610641
0.61003
0.60942
0.608811
0.608202
0.607594
0.606986
0.606379
0.605773
0.605167
0.604562
0.603957
0.603353
0.60275
0.602147
0.601545
0.600943
0.600342
0.599742
0.599142
0.598543
0.597945
0.597347
0.596749
0.596153
0.595556
0.594961
0.594366
0.593772
0.593178
0.592585
0.591992
0.5914
0.590809
0.590218
0.589628
0.589038
0.588449
0.58786
0.587273
0.586685
0.586099
0.585513
0.584927
0.584342
0.583758
0.583174
0.582591
0.582008
0.581426
0.580845
0.580264
0.579684
0.579104
0.578525
0.577946
0.577368
0.576791
0.576214
0.575638
0.575062
0.574487
0.573913
0.573339
0.572766
0.572193
0.571621
0.571049
0.570478
0.569908
0.569338
0.568768
0.5682
0.567631
0.567064
0.566497
0.56593
0.565364
0.564799
0.564234
0.56367
0.563106
0.562543
0.56198
0.561418
0.560857
0.560296
0.559736
0.559176
0.558617
0.558058
0.5575
0.556943
0.556386
0.555829
0.555274
0.554718
0.554164
0.55361
0.553056
0.552503
0.55195
0.551398
0.550847
0.550296
0.549746
0.549196
0.548647
0.548098
0.54755
0.547003
0.546456
0.545909
0.545363
0.544818
0.544273
0.543729
0.543185
0.542642
0.542099
0.541557
0.541016
0.540475
0.539934
0.539394
0.538855
0.538316
0.537778
0.53724
0.536703
0.536166
0.53563
0.535094
0.534559
0.534024
0.53349
0.532957
0.532424
0.531892
0.53136
0.530828
0.530297
0.529767
0.529237
0.528708
0.528179
0.527651
0.527124
0.526596
0.52607
0.525544
0.525018
0.524493
0.523969
0.523445
0.522921
0.522398
0.521876
0.521354
0.520833
0.520312
0.519792
0.519272
0.518753
0.518234
0.517716
0.517198
0.516681
0.516164
0.515648
0.515132
0.514617
0.514102
0.513588
0.513075
0.512562
0.512049
0.511537
0.511026
0.510515
0.510004
0.509494
0.508984
0.508476
0.507967
0.507459
0.506952
0.506445
0.505938
0.505432
0.504927
0.504422
0.503917
0.503414
0.50291
0.502407
0.501905
0.501403
0.500902
0.500401
0.4999
0.4994
0.498901
0.498402
0.497904
0.497406
0.496908
0.496411
0.495915
0.495419
0.494924
0.494429
0.493934
0.49344
0.492947
0.492454
0.491962
0.49147
0.490978
0.490487
0.489997
0.489507
0.489017
0.488528
0.48804
0.487552
0.487064
0.486577
0.48609
0.485604
0.485119
0.484634
0.484149
0.483665
0.483181
0.482698
0.482215
0.481733
0.481251
0.48077
0.480289
0.479809
0.479329
0.47885
0.478371
0.477893
0.477415
0.476937
0.47646
0.475984
0.475508
0.475032
0.474557
0.474083
0.473609
0.473135
0.472662
0.472189
0.471717
0.471245
0.470774
0.470303
0.469833
0.469363
0.468894
0.468425
0.467957
0.467489
0.467021
0.466554
0.466088
0.465621
0.465156
0.464691
0.464226
0.463762
0.463298
0.462835
0.462372
0.46191
0.461448
0.460986
0.460525
0.460065
0.459605
0.459145
0.458686
0.458227
0.457769
0.457311
0.456854
0.456397
0.455941
0.455485
0.455029
0.454574
0.45412
0.453665
0.453212
0.452759
0.452306
0.451854
0.451402
0.45095
0.450499
0.450049
0.449599
0.449149
0.4487
0.448251
0.447803
0.447355
0.446908
0.446461
0.446015
0.445569
0.445123
0.444678
0.444233
0.443789
0.443345
0.442902
0.442459
0.442016
0.441574
0.441133
0.440692
0.440251
0.439811
0.439371
0.438932
0.438493
0.438054
0.437616
0.437178
0.436741
0.436305
0.435868
0.435432
0.434997
0.434562
0.434127
0.433693
0.43326
0.432826
0.432393
0.431961
0.431529
0.431098
0.430666
0.430236
0.429806
0.429376
0.428946
0.428517
0.428089
0.427661
0.427233
0.426806
0.426379
0.425953
0.425527
0.425101
0.424676
0.424252
0.423827
0.423403
0.42298
0.422557
0.422135
0.421712
0.421291
0.420869
0.420448
0.420028
0.419608
0.419188
0.418769
0.41835
0.417932
0.417514
0.417097
0.41668
0.416263
0.415847
0.415431
0.415015
0.4146
0.414186
0.413772
0.413358
0.412944
0.412531
0.412119
0.411707
0.411295
0.410884
0.410473
0.410062
0.409652
0.409243
0.408833
0.408425
0.408016
0.407608
0.407201
0.406793
0.406387
0.40598
0.405574
0.405169
0.404764
0.404359
0.403954
0.40355
0.403147
0.402744
0.402341
0.401939
0.401537
0.401135
0.400734
0.400333
0.399933
0.399533
0.399134
0.398734
0.398336
0.397937
0.397539
0.397142
0.396745
0.396348
0.395952
0.395556
0.39516
0.394765
0.39437
0.393976
0.393582
0.393188
0.392795
0.392402
0.39201
0.391618
0.391226
0.390835
0.390444
0.390054
0.389664
0.389274
0.388885
0.388496
0.388107
0.387719
0.387332
0.386944
0.386557
0.386171
0.385785
0.385399
0.385013
0.384628
0.384244
0.383859
0.383476
0.383092
0.382709
0.382326
0.381944
0.381562
0.38118
0.380799
0.380418
0.380038
0.379658
0.379278
0.378899
0.37852
0.378142
0.377764
0.377386
0.377008
0.376631
0.376255
0.375878
0.375503
0.375127
0.374752
0.374377
0.374003
0.373629
0.373255
0.372882
0.372509
0.372137
0.371764
0.371393
0.371021
0.37065
0.37028
0.369909
0.369539
0.36917
0.368801
0.368432
0.368063
0.367695
0.367328
0.36696
0.366593
0.366227
0.365861
0.365495
0.365129
0.364764
0.364399
0.364035
0.363671
0.363307
0.362944
0.362581
0.362218
0.361856
0.361494
0.361133
0.360772
0.360411
0.360051
0.35969
0.359331
0.358971
0.358613
0.358254
0.357896
0.357538
0.35718
0.356823
0.356466
0.35611
0.355754
0.355398
0.355042
0.354687
0.354333
0.353978
0.353624
0.353271
0.352918
0.352565
0.352212
0.35186
0.351508
0.351156
0.350805
0.350455
0.350104
0.349754
0.349404
0.349055
0.348706
0.348357
0.348009
0.347661
0.347313
0.346966
0.346619
0.346272
0.345926
0.34558
0.345234
0.344889
0.344544
0.3442
0.343855
0.343512
0.343168
0.342825
0.342482
0.34214
0.341797
0.341456
0.341114
0.340773
0.340432
0.340092
0.339752
0.339412
0.339073
0.338734
0.338395
0.338056
0.337718
0.337381
0.337043
0.336706
0.33637
0.336033
0.335697
0.335361
0.335026
0.334691
0.334356
0.334022
0.333688
0.333354
0.333021
0.332688
0.332355
0.332023
0.331691
0.331359
0.331028
0.330697
0.330366
0.330036
0.329706
0.329376
0.329047
0.328718
0.328389
0.32806
0.327732
0.327405
0.327077
0.32675
0.326423
0.326097
0.325771
0.325445
0.32512
0.324795
0.32447
0.324145
0.323821
0.323497
0.323174
0.322851
0.322528
0.322205
0.321883
0.321561
0.32124
0.320918
0.320597
0.320277
0.319957
0.319637
0.319317
0.318998
0.318679
0.31836
0.318042
0.317724
0.317406
0.317088
0.316771
0.316455
0.316138
0.315822
0.315506
0.315191
0.314876
0.314561
0.314246
0.313932
0.313618
0.313304
0.312991
0.312678
0.312365
0.312053
0.311741
0.311429
0.311118
0.310807
0.310496
0.310185
0.309875
0.309565
0.309256
0.308946
0.308637
0.308329
0.308021
0.307712
0.307405
0.307097
0.30679
0.306483
0.306177
0.305871
0.305565
0.305259
0.304954
0.304649
0.304345
0.30404
0.303736
0.303432
0.303129
0.302826
0.302523
0.30222
0.301918
0.301616
0.301315
0.301013
0.300712
0.300412
0.300111
0.299811
0.299511
0.299212
0.298913
0.298614
0.298315
0.298017
0.297719
0.297421
0.297124
0.296827
0.29653
0.296233
0.295937
0.295641
0.295345
0.29505
0.294755
0.29446
0.294166
0.293872
0.293578
0.293284
0.292991
0.292698
0.292405
0.292113
0.291821
0.291529
0.291237
0.290946
0.290655
0.290364
0.290074
0.289784
0.289494
0.289205
0.288916
0.288627
0.288338
0.28805
0.287762
0.287474
0.287186
0.286899
0.286612
0.286326
0.286039
0.285753
0.285468
0.285182
0.284897
0.284612
0.284327
0.284043
0.283759
0.283475
0.283192
0.282909
0.282626
0.282343
0.282061
0.281779
0.281497
0.281215
0.280934
0.280653
0.280373
0.280092
0.279812
0.279532
0.279253
0.278974
0.278695
0.278416
0.278137
0.277859
0.277581
0.277304
0.277027
0.27675
0.276473
0.276196
0.27592
0.275644
0.275369
0.275093
0.274818
0.274543
0.274269
0.273994
0.27372
0.273447
0.273173
0.2729
0.272627
0.272355
0.272082
0.27181
0.271538
0.271267
0.270996
0.270725
0.270454
0.270183
0.269913
0.269643
0.269374
0.269104
0.268835
0.268566
0.268298
0.268029
0.267761
0.267494
0.267226
0.266959
0.266692
0.266425
0.266159
0.265893
0.265627
0.265361
0.265096
0.264831
0.264566
0.264301
0.264037
0.263773
0.263509
0.263246
0.262982
0.262719
0.262457
0.262194
0.261932
0.26167
0.261409
0.261147
0.260886
0.260625
0.260364
0.260104
0.259844
0.259584
0.259325
0.259065
0.258806
0.258547
0.258289
0.258031
0.257772
0.257515
0.257257
0.257
0.256743
0.256486
0.25623
0.255973
0.255718
0.255462
0.255206
0.254951
0.254696
0.254441
0.254187
0.253933
0.253679
0.253425
0.253172
0.252919
0.252666
0.252413
0.252161
0.251908
0.251657
0.251405
0.251154
0.250902
0.250651
0.250401
0.25015
0.2499
0.24965
0.249401
0.249151
0.248902
0.248653
0.248405
0.248156
0.247908
0.24766
0.247412
0.247165
0.246918
0.246671
0.246424
0.246178
0.245932
0.245686
0.24544
0.245195
0.244949
0.244704
0.24446
0.244215
0.243971
0.243727
0.243483
0.24324
0.242997
0.242754
0.242511
0.242268
0.242026
0.241784
0.241542
0.241301
0.24106
0.240818
0.240578
0.240337
0.240097
0.239857
0.239617
0.239377
0.239138
0.238899
0.23866
0.238421
0.238183
0.237944
0.237707
0.237469
0.237231
0.236994
0.236757
0.23652
0.236284
0.236048
0.235812
0.235576
0.23534
0.235105
0.23487
0.234635
0.2344
0.234166
0.233932
0.233698
0.233464
0.233231
0.232997
0.232764
0.232532
0.232299
0.232067
0.231835
0.231603
0.231371
0.23114
0.230909
0.230678
0.230447
0.230217
0.229986
0.229756
0.229527
0.229297
0.229068
0.228839
0.22861
0.228381
0.228153
0.227925
0.227697
0.227469
0.227242
0.227014
0.226787
0.226561
0.226334
0.226108
0.225882
0.225656
0.22543
0.225205
0.224979
0.224755
0.22453
0.224305
0.224081
0.223857
0.223633
0.223409
0.223186
0.222963
0.22274
0.222517
0.222295
0.222072
0.22185
0.221628
0.221407
0.221185
0.220964
0.220743
0.220522
0.220302
0.220082
0.219861
0.219642
0.219422
0.219203
0.218983
0.218764
0.218546
0.218327
0.218109
0.217891
0.217673
0.217455
0.217238
0.21702
0.216803
0.216587
0.21637
0.216154
0.215937
0.215722
0.215506
0.21529
0.215075
0.21486
0.214645
0.21443
0.214216
0.214002
0.213788
0.213574
0.21336
0.213147
0.212934
0.212721
0.212508
0.212296
0.212083
0.211871
0.211659
0.211448
0.211236
0.211025
0.210814
0.210603
0.210393
0.210182
0.209972
0.209762
0.209552
0.209343
0.209133
0.208924
0.208715
0.208507
0.208298
0.20809
0.207882
0.207674
0.207466
0.207259
0.207052
0.206844
0.206638
0.206431
0.206225
0.206018
0.205812
0.205607
0.205401
0.205196
0.20499
0.204785
0.204581
0.204376
0.204172
0.203967
0.203763
0.20356
0.203356
0.203153
0.20295
0.202747
0.202544
0.202341
0.202139
0.201937
0.201735
0.201533
0.201332
0.20113
0.200929
0.200728
0.200528
0.200327
0.200127
0.199927
0.199727
0.199527
0.199327
0.199128
0.198929
0.19873
0.198531
0.198333
0.198134
0.197936
0.197738
0.197541
0.197343
0.197146
0.196949
0.196752
0.196555
0.196358
0.196162
0.195966
0.19577
0.195574
0.195379
0.195183
0.194988
0.194793
0.194598
0.194404
0.194209
0.194015
0.193821
0.193627
0.193433
0.19324
0.193047
0.192854
0.192661
0.192468
0.192276
0.192084
0.191891
0.1917
0.191508
0.191316
0.191125
0.190934
0.190743
0.190552
0.190362
0.190171
0.189981
0.189791
0.189601
0.189412
0.189222
0.189033
0.188844
0.188655
0.188467
0.188278
0.18809
0.187902
0.187714
0.187526
0.187339
0.187151
0.186964
0.186777
0.18659
0.186404
0.186217
0.186031
0.185845
0.185659
0.185474
0.185288
0.185103
0.184918
0.184733
0.184548
0.184364
0.184179
0.183995
0.183811
0.183627
0.183444
0.18326
0.183077
0.182894
0.182711
0.182528
0.182346
0.182163
0.181981
0.181799
0.181617
0.181436
0.181254
0.181073
0.180892
0.180711
0.18053
0.18035
0.18017
0.179989
0.179809
0.17963
0.17945
0.17927
0.179091
0.178912
0.178733
0.178554
0.178376
0.178198
0.178019
0.177841
0.177663
0.177486
0.177308
0.177131
0.176954
0.176777
0.1766
0.176424
0.176247
0.176071
0.175895
0.175719
0.175543
0.175368
0.175192
0.175017
0.174842
0.174667
0.174493
0.174318
0.174144
0.17397
0.173796
0.173622
0.173448
0.173275
0.173102
0.172928
0.172755
0.172583
0.17241
0.172238
0.172065
0.171893
0.171722
0.17155
0.171378
0.171207
0.171036
0.170865
0.170694
0.170523
0.170353
0.170182
0.170012
0.169842
0.169672
0.169503
0.169333
0.169164
0.168995
0.168826
0.168657
0.168488
0.16832
0.168151
0.167983
0.167815
0.167647
0.16748
0.167312
0.167145
0.166978
0.166811
0.166644
0.166477
0.166311
0.166144
0.165978
0.165812
0.165647
0.165481
0.165315
0.16515
0.164985
0.16482
0.164655
0.16449
0.164326
0.164162
0.163997
0.163834
0.16367
0.163506
0.163342
0.163179
0.163016
0.162853
0.16269
0.162527
0.162365
0.162203
0.16204
0.161878
0.161716
0.161555
0.161393
0.161232
0.161071
0.160909
0.160749
0.160588
0.160427
0.160267
0.160106
0.159946
0.159786
0.159627
0.159467
0.159308
0.159148
0.158989
0.15883
0.158671
0.158513
0.158354
0.158196
0.158038
0.15788
0.157722
0.157564
0.157406
0.157249
0.157092
0.156935
0.156778
0.156621
0.156464
0.156308
0.156151
0.155995
0.155839
0.155684
0.155528
0.155372
0.155217
0.155062
0.154907
0.154752
0.154597
0.154442
0.154288
0.154134
0.15398
0.153826
0.153672
0.153518
0.153365
0.153211
0.153058
0.152905
0.152752
0.152599
0.152447
0.152294
0.152142
0.15199
0.151838
0.151686
0.151534
0.151383
0.151231
0.15108
0.150929
0.150778
0.150627
0.150477
0.150326
0.150176
0.150026
0.149876
0.149726
0.149576
0.149427
0.149277
0.149128
0.148979
0.14883
0.148681
0.148532
0.148384
0.148235
0.148087
0.147939
0.147791
0.147643
0.147496
0.147348
0.147201
0.147054
0.146906
0.14676
0.146613
0.146466
0.14632
0.146173
0.146027
0.145881
0.145735
0.14559
0.145444
0.145299
0.145153
0.145008
0.144863
0.144718
0.144574
0.144429
0.144285
0.14414
0.143996
0.143852
0.143708
0.143565
0.143421
0.143278
0.143134
0.142991
0.142848
0.142705
0.142563
0.14242
0.142278
0.142135
0.141993
0.141851
0.141709
0.141568
0.141426
0.141285
0.141143
0.141002
0.140861
0.14072
0.14058
0.140439
0.140299
0.140158
0.140018
0.139878
0.139738
0.139599
0.139459
0.139319
0.13918
0.139041
0.138902
0.138763
0.138624
0.138486
0.138347
0.138209
0.138071
0.137933
0.137795
0.137657
0.137519
0.137382
0.137244
0.137107
0.13697
0.136833
0.136696
0.136559
0.136423
0.136286
0.13615
0.136014
0.135878
0.135742
0.135606
0.135471
0.135335
0.1352
0.135065
0.13493
0.134795
0.13466
0.134525
0.134391
0.134256
0.134122
0.133988
0.133854
0.13372
0.133586
0.133453
0.133319
0.133186
0.133053
0.13292
0.132787
0.132654
0.132521
0.132389
0.132257
0.132124
0.131992
0.13186
0.131728
0.131597
0.131465
0.131334
0.131202
0.131071
0.13094
0.130809
0.130678
0.130547
0.130417
0.130287
0.130156
0.130026
0.129896
0.129766
0.129636
0.129507
0.129377
0.129248
0.129119
0.12899
0.128861
0.128732
0.128603
0.128474
0.128346
0.128218
0.128089
0.127961
0.127833
0.127705
0.127578
0.12745
0.127323
0.127195
0.127068
0.126941
0.126814
0.126687
0.126561
0.126434
0.126308
0.126181
0.126055
0.125929
0.125803
0.125677
0.125552
0.125426
0.125301
0.125175
0.12505
0.124925
0.1248
0.124675
0.124551
0.124426
0.124302
0.124178
0.124053
0.123929
0.123805
0.123682
0.123558
0.123434
0.123311
0.123188
0.123064
0.122941
0.122818
0.122696
0.122573
0.12245
0.122328
0.122206
0.122083
0.121961
0.121839
0.121717
0.121596
0.121474
0.121353
0.121231
0.12111
0.120989
0.120868
0.120747
0.120626
0.120506
0.120385
0.120265
0.120145
0.120024
0.119904
0.119784
0.119665
0.119545
0.119425
0.119306
0.119187
0.119068
0.118948
0.11883
0.118711
0.118592
0.118473
0.118355
0.118237
0.118118
0.118
0.117882
0.117764
0.117647
0.117529
0.117411
0.117294
0.117177
0.11706
0.116942
0.116826
0.116709
0.116592
0.116475
0.116359
0.116243
0.116126
0.11601
0.115894
0.115778
0.115663
0.115547
0.115431
0.115316
0.115201
0.115085
0.11497
0.114855
0.11474
0.114626
0.114511
0.114397
0.114282
0.114168
0.114054
0.11394
0.113826
0.113712
0.113598
0.113485
0.113371
0.113258
0.113144
0.113031
0.112918
0.112805
0.112693
0.11258
0.112467
0.112355
0.112242
0.11213
0.112018
0.111906
0.111794
0.111682
0.111571
0.111459
0.111348
0.111236
0.111125
0.111014
0.110903
0.110792
0.110681
0.110571
0.11046
0.11035
0.110239
0.110129
0.110019
0.109909
0.109799
0.109689
0.109579
0.10947
0.10936
0.109251
0.109142
0.109033
0.108924
0.108815
0.108706
0.108597
0.108489
0.10838
0.108272
0.108163
0.108055
0.107947
0.107839
0.107731
0.107624
0.107516
0.107409
0.107301
0.107194
0.107087
0.10698
0.106873
0.106766
0.106659
0.106552
0.106446
0.106339
0.106233
0.106127
0.106021
0.105915
0.105809
0.105703
0.105597
0.105492
0.105386
0.105281
0.105175
0.10507
0.104965
0.10486
0.104755
0.104651
0.104546
0.104441
0.104337
0.104233
0.104128
0.104024
0.10392
0.103816
0.103712
0.103609
0.103505
0.103402
0.103298
0.103195
0.103092
0.102989
0.102886
0.102783
0.10268
0.102577
0.102475
0.102372
0.10227
0.102168
0.102065
0.101963
0.101861
0.10176
0.101658
0.101556
0.101455
0.101353
0.101252
0.101151
0.101049
0.100948
0.100847
0.100747
0.100646
0.100545
0.100445
0.100344
0.100244
0.100144
0.100043
0.0999433
0.0998434
0.0997436
0.0996438
0.0995442
0.0994446
0.0993452
0.0992458
0.0991466
0.0990474
0.0989484
0.0988495
0.0987506
0.0986519
0.0985532
0.0984546
0.0983562
0.0982578
0.0981596
0.0980614
0.0979634
0.0978654
0.0977675
0.0976698
0.0975721
0.0974745
0.097377
0.0972797
0.0971824
0.0970852
0.0969881
0.0968911
0.0967942
0.0966974
0.0966007
0.0965041
0.0964076
0.0963112
0.0962149
0.0961187
0.0960226
0.0959266
0.0958306
0.0957348
0.0956391
0.0955434
0.0954479
0.0953524
0.0952571
0.0951618
0.0950667
0.0949716
0.0948766
0.0947818
0.094687
0.0945923
0.0944977
0.0944032
0.0943088
0.0942145
0.0941203
0.0940262
0.0939321
0.0938382
0.0937444
0.0936506
0.093557
0.0934634
0.0933699
0.0932766
0.0931833
0.0930901
0.092997
0.092904
0.0928111
0.0927183
0.0926256
0.092533
0.0924404
0.092348
0.0922556
0.0921634
0.0920712
0.0919792
0.0918872
0.0917953
0.0917035
0.0916118
0.0915202
0.0914287
0.0913372
0.0912459
0.0911546
0.0910635
0.0909724
0.0908815
0.0907906
0.0906998
0.0906091
0.0905185
0.090428
0.0903375
0.0902472
0.0901569
0.0900668
0.0899767
0.0898867
0.0897969
0.0897071
0.0896174
0.0895277
0.0894382
0.0893488
0.0892594
0.0891702
0.089081
0.0889919
0.0889029
0.088814
0.0887252
0.0886365
0.0885478
0.0884593
0.0883708
0.0882825
0.0881942
0.088106
0.0880179
0.0879299
0.0878419
0.0877541
0.0876663
0.0875787
0.0874911
0.0874036
0.0873162
0.0872289
0.0871417
0.0870545
0.0869675
0.0868805
0.0867936
0.0867068
0.0866201
0.0865335
0.086447
0.0863605
0.0862741
0.0861879
0.0861017
0.0860156
0.0859296
0.0858436
0.0857578
0.085672
0.0855864
0.0855008
0.0854153
0.0853299
0.0852445
0.0851593
0.0850741
0.0849891
0.0849041
0.0848192
0.0847343
0.0846496
0.084565
0.0844804
0.0843959
0.0843115
0.0842272
0.084143
0.0840588
0.0839748
0.0838908
0.0838069
0.0837231
0.0836394
0.0835557
0.0834722
0.0833887
0.0833053
0.083222
0.0831388
0.0830557
0.0829726
0.0828896
0.0828067
0.0827239
0.0826412
0.0825586
0.082476
0.0823935
0.0823111
0.0822288
0.0821466
0.0820645
0.0819824
0.0819004
0.0818185
0.0817367
0.081655
0.0815733
0.0814917
0.0814102
0.0813288
0.0812475
0.0811662
0.0810851
0.081004
0.080923
0.0808421
0.0807612
0.0806805
0.0805998
0.0805192
0.0804387
0.0803582
0.0802779
0.0801976
0.0801174
0.0800373
0.0799572
0.0798773
0.0797974
0.0797176
0.0796379
0.0795582
0.0794787
0.0793992
0.0793198
0.0792405
0.0791613
0.0790821
0.079003
0.078924
0.0788451
0.0787662
0.0786875
0.0786088
0.0785302
0.0784516
0.0783732
0.0782948
0.0782165
0.0781383
0.0780602
0.0779821
0.0779041
0.0778262
0.0777484
0.0776706
0.077593
0.0775154
0.0774379
0.0773604
0.0772831
0.0772058
0.0771286
0.0770515
0.0769744
0.0768974
0.0768205
0.0767437
0.076667
0.0765903
0.0765137
0.0764372
0.0763608
0.0762844
0.0762081
0.0761319
0.0760558
0.0759797
0.0759037
0.0758278
0.075752
0.0756763
0.0756006
0.075525
0.0754495
0.075374
0.0752986
0.0752233
0.0751481
0.075073
0.0749979
0.0749229
0.074848
0.0747731
0.0746983
0.0746236
0.074549
0.0744745
0.0744
0.0743256
0.0742513
0.074177
0.0741028
0.0740287
0.0739547
0.0738808
0.0738069
0.0737331
0.0736593
0.0735857
0.0735121
0.0734386
0.0733651
0.0732918
0.0732185
0.0731453
0.0730721
0.072999
0.072926
0.0728531
0.0727803
0.0727075
0.0726348
0.0725621
0.0724896
0.0724171
0.0723447
0.0722723
0.0722001
0.0721279
0.0720557
0.0719837
0.0719117
0.0718398
0.0717679
0.0716962
0.0716245
0.0715529
0.0714813
0.0714098
0.0713384
0.0712671
0.0711958
0.0711246
0.0710535
0.0709824
0.0709114
0.0708405
0.0707697
0.0706989
0.0706282
0.0705576
0.070487
0.0704166
0.0703461
0.0702758
0.0702055
0.0701353
0.0700652
0.0699951
0.0699251
0.0698552
0.0697853
0.0697155
0.0696458
0.0695762
0.0695066
0.0694371
0.0693677
0.0692983
0.069229
0.0691598
0.0690906
0.0690215
0.0689525
0.0688835
0.0688147
0.0687459
0.0686771
0.0686084
0.0685398
0.0684713
0.0684028
0.0683344
0.0682661
0.0681978
0.0681296
0.0680615
0.0679934
0.0679254
0.0678575
0.0677896
0.0677219
0.0676541
0.0675865
0.0675189
0.0674514
0.0673839
0.0673165
0.0672492
0.067182
0.0671148
0.0670477
0.0669806
0.0669136
0.0668467
0.0667799
0.0667131
0.0666464
0.0665797
0.0665132
0.0664467
0.0663802
0.0663138
0.0662475
0.0661813
0.0661151
0.066049
0.0659829
0.0659169
0.065851
0.0657852
0.0657194
0.0656537
0.065588
0.0655224
0.0654569
0.0653914
0.065326
0.0652607
0.0651955
0.0651303
0.0650651
0.0650001
0.0649351
0.0648701
0.0648053
0.0647405
0.0646757
0.064611
0.0645464
0.0644819
0.0644174
0.064353
0.0642886
0.0642243
0.0641601
0.064096
0.0640319
0.0639678
0.0639039
0.06384
0.0637761
0.0637123
0.0636486
0.063585
0.0635214
0.0634579
0.0633944
0.063331
0.0632677
0.0632044
0.0631412
0.0630781
0.063015
0.062952
0.062889
0.0628261
0.0627633
0.0627006
0.0626379
0.0625752
0.0625126
0.0624501
0.0623877
0.0623253
0.062263
0.0622007
0.0621385
0.0620764
0.0620143
0.0619523
0.0618903
0.0618284
0.0617666
0.0617048
0.0616431
0.0615815
0.0615199
0.0614584
0.0613969
0.0613355
0.0612742
0.0612129
0.0611517
0.0610906
0.0610295
0.0609684
0.0609075
0.0608466
0.0607857
0.0607249
0.0606642
0.0606035
0.0605429
0.0604824
0.0604219
0.0603615
0.0603011
0.0602408
0.0601806
0.0601204
0.0600603
0.0600002
0.0599402
0.0598803
0.0598204
0.0597606
0.0597008
0.0596411
0.0595815
0.0595219
0.0594624
0.0594029
0.0593435
0.0592842
0.0592249
0.0591657
0.0591065
0.0590474
0.0589883
0.0589294
0.0588704
0.0588116
0.0587527
0.058694
0.0586353
0.0585767
0.0585181
0.0584596
0.0584011
0.0583427
0.0582844
0.0582261
0.0581679
0.0581097
0.0580516
0.0579935
0.0579355
0.0578776
0.0578197
0.0577619
0.0577041
0.0576464
0.0575888
0.0575312
0.0574737
0.0574162
0.0573588
0.0573014
0.0572441
0.0571869
0.0571297
0.0570726
0.0570155
0.0569585
0.0569015
0.0568446
0.0567878
0.056731
0.0566742
0.0566176
0.056561
0.0565044
0.0564479
0.0563914
0.056335
0.0562787
0.0562224
0.0561662
0.05611
0.0560539
0.0559979
0.0559419
0.0558859
0.0558301
0.0557742
0.0557184
0.0556627
0.0556071
0.0555515
0.0554959
0.0554404
0.055385
0.0553296
0.0552743
0.055219
0.0551638
0.0551086
0.0550535
0.0549984
0.0549434
0.0548885
0.0548336
0.0547788
0.054724
0.0546693
0.0546146
0.05456
0.0545054
0.0544509
0.0543965
0.0543421
0.0542877
0.0542334
0.0541792
0.054125
0.0540709
0.0540168
0.0539628
0.0539089
0.0538549
0.0538011
0.0537473
0.0536935
0.0536399
0.0535862
0.0535326
0.0534791
0.0534256
0.0533722
0.0533188
0.0532655
0.0532122
0.053159
0.0531059
0.0530528
0.0529997
0.0529467
0.0528938
0.0528409
0.052788
0.0527352
0.0526825
0.0526298
0.0525772
0.0525246
0.0524721
0.0524196
0.0523672
0.0523148
0.0522625
0.0522102
0.052158
0.0521059
0.0520538
0.0520017
0.0519497
0.0518978
0.0518459
0.051794
0.0517422
0.0516905
0.0516388
0.0515872
0.0515356
0.051484
0.0514326
0.0513811
0.0513297
0.0512784
0.0512271
0.0511759
0.0511247
0.0510736
0.0510225
0.0509715
0.0509205
0.0508696
0.0508187
0.0507679
0.0507172
0.0506664
0.0506158
0.0505652
0.0505146
0.0504641
0.0504136
0.0503632
0.0503128
0.0502625
0.0502123
0.0501621
0.0501119
0.0500618
0.0500117
0.0499617
0.0499117
0.0498618
0.049812
0.0497622
0.0497124
0.0496627
0.049613
0.0495634
0.0495138
0.0494643
0.0494149
0.0493654
0.0493161
0.0492668
0.0492175
0.0491683
0.0491191
0.04907
0.0490209
0.0489719
0.0489229
0.048874
0.0488251
0.0487763
0.0487275
0.0486788
0.0486301
0.0485815
0.0485329
0.0484844
0.0484359
0.0483875
0.0483391
0.0482907
0.0482424
0.0481942
0.048146
0.0480979
0.0480498
0.0480017
0.0479537
0.0479058
0.0478579
0.04781
0.0477622
0.0477144
0.0476667
0.047619
0.0475714
0.0475239
0.0474763
0.0474289
0.0473814
0.047334
0.0472867
0.0472394
0.0471922
0.047145
0.0470978
0.0470507
0.0470037
0.0469567
0.0469097
0.0468628
0.046816
0.0467691
0.0467224
0.0466757
0.046629
0.0465824
0.0465358
0.0464892
0.0464427
0.0463963
0.0463499
0.0463036
0.0462573
0.046211
0.0461648
0.0461186
0.0460725
0.0460264
0.0459804
0.0459344
0.0458885
0.0458426
0.0457968
0.045751
0.0457052
0.0456595
0.0456138
0.0455682
0.0455227
0.0454771
0.0454317
0.0453862
0.0453408
0.0452955
0.0452502
0.045205
0.0451598
0.0451146
0.0450695
0.0450244
0.0449794
0.0449344
0.0448895
0.0448446
0.0447997
0.0447549
0.0447102
0.0446655
0.0446208
0.0445762
0.0445316
0.0444871
0.0444426
0.0443981
0.0443537
0.0443094
0.0442651
0.0442208
0.0441766
0.0441324
0.0440883
0.0440442
0.0440002
0.0439562
0.0439122
0.0438683
0.0438244
0.0437806
0.0437368
0.0436931
0.0436494
0.0436057
0.0435621
0.0435186
0.0434751
0.0434316
0.0433881
0.0433448
0.0433014
0.0432581
0.0432149
0.0431716
0.0431285
0.0430853
0.0430423
0.0429992
0.0429562
0.0429133
0.0428703
0.0428275
0.0427846
0.0427419
0.0426991
0.0426564
0.0426138
0.0425711
0.0425286
0.042486
0.0424436
0.0424011
0.0423587
0.0423164
0.042274
0.0422318
0.0421895
0.0421473
0.0421052
0.0420631
0.042021
0.041979
0.041937
0.0418951
0.0418532
0.0418113
0.0417695
0.0417278
0.041686
0.0416444
0.0416027
0.0415611
0.0415195
0.041478
0.0414365
0.0413951
0.0413537
0.0413124
0.041271
0.0412298
0.0411885
0.0411474
0.0411062
0.0410651
0.041024
0.040983
0.040942
0.0409011
0.0408602
0.0408193
0.0407785
0.0407377
0.040697
0.0406563
0.0406156
0.040575
0.0405344
0.0404939
0.0404534
0.040413
0.0403726
0.0403322
0.0402918
0.0402516
0.0402113
0.0401711
0.0401309
0.0400908
0.0400507
0.0400107
0.0399706
0.0399307
0.0398907
0.0398508
0.039811
0.0397712
0.0397314
0.0396917
0.039652
0.0396123
0.0395727
0.0395332
0.0394936
0.0394541
0.0394147
0.0393753
0.0393359
0.0392965
0.0392573
0.039218
0.0391788
0.0391396
0.0391005
0.0390614
0.0390223
0.0389833
0.0389443
0.0389053
0.0388664
0.0388276
0.0387887
0.03875
0.0387112
0.0386725
0.0386338
0.0385952
0.0385566
0.038518
0.0384795
0.038441
0.0384026
0.0383642
0.0383258
0.0382875
0.0382492
0.038211
0.0381728
0.0381346
0.0380965
0.0380584
0.0380203
0.0379823
0.0379443
0.0379064
0.0378684
0.0378306
0.0377927
0.037755
0.0377172
0.0376795
0.0376418
0.0376042
0.0375666
0.037529
0.0374915
0.037454
0.0374165
0.0373791
0.0373417
0.0373044
0.0372671
0.0372298
0.0371926
0.0371554
0.0371182
0.0370811
0.037044
0.037007
0.03697
0.036933
0.0368961
0.0368592
0.0368223
0.0367855
0.0367487
0.036712
0.0366753
0.0366386
0.0366019
0.0365653
0.0365288
0.0364922
0.0364557
0.0364193
0.0363829
0.0363465
0.0363101
0.0362738
0.0362376
0.0362013
0.0361651
0.036129
0.0360928
0.0360567
0.0360207
0.0359847
0.0359487
0.0359127
0.0358768
0.0358409
0.0358051
0.0357693
0.0357335
0.0356978
0.0356621
0.0356264
0.0355908
0.0355552
0.0355197
0.0354841
0.0354486
0.0354132
0.0353778
0.0353424
0.0353071
0.0352718
0.0352365
0.0352013
0.0351661
0.0351309
0.0350958
0.0350607
0.0350256
0.0349906
0.0349556
0.0349206
0.0348857
0.0348508
0.034816
0.0347812
0.0347464
0.0347116
0.0346769
0.0346422
0.0346076
0.034573
0.0345384
0.0345039
0.0344694
0.0344349
0.0344005
0.0343661
0.0343317
0.0342974
0.0342631
0.0342288
0.0341946
0.0341604
0.0341262
0.0340921
0.034058
0.0340239
0.0339899
0.0339559
0.033922
0.0338881
0.0338542
0.0338203
0.0337865
0.0337527
0.033719
0.0336852
0.0336516
0.0336179
0.0335843
0.0335507
0.0335171
0.0334836
0.0334501
0.0334167
0.0333833
0.0333499
0.0333165
0.0332832
0.0332499
0.0332167
0.0331835
0.0331503
0.0331171
0.033084
0.0330509
0.0330179
0.0329849
0.0329519
0.0329189
0.032886
0.0328531
0.0328203
0.0327875
0.0327547
0.0327219
0.0326892
0.0326565
0.0326239
0.0325912
0.0325586
0.0325261
0.0324936
0.0324611
0.0324286
0.0323962
0.0323638
0.0323314
0.0322991
0.0322668
0.0322345
0.0322023
0.0321701
0.0321379
0.0321058
0.0320737
0.0320416
0.0320095
0.0319775
0.0319456
0.0319136
0.0318817
0.0318498
0.031818
0.0317861
0.0317544
0.0317226
0.0316909
0.0316592
0.0316275
0.0315959
0.0315643
0.0315327
0.0315012
0.0314697
0.0314382
0.0314068
0.0313754
0.031344
0.0313127
0.0312814
0.0312501
0.0312188
0.0311876
0.0311564
0.0311253
0.0310941
0.0310631
0.031032
0.031001
0.03097
0.030939
0.030908
0.0308771
0.0308463
0.0308154
0.0307846
0.0307538
0.0307231
0.0306923
0.0306616
0.030631
0.0306004
0.0305698
0.0305392
0.0305086
0.0304781
0.0304477
0.0304172
0.0303868
0.0303564
0.0303261
0.0302957
0.0302654
0.0302352
0.0302049
0.0301747
0.0301445
0.0301144
0.0300843
0.0300542
0.0300242
0.0299941
0.0299641
0.0299342
0.0299042
0.0298743
0.0298445
0.0298146
0.0297848
0.029755
0.0297253
0.0296955
0.0296658
0.0296362
0.0296065
0.0295769
0.0295474
0.0295178
0.0294883
0.0294588
0.0294293
0.0293999
0.0293705
0.0293411
0.0293118
0.0292825
0.0292532
0.029224
0.0291947
0.0291655
0.0291364
0.0291072
0.0290781
0.029049
0.02902
0.028991
0.028962
0.028933
0.0289041
0.0288752
0.0288463
0.0288175
0.0287886
0.0287599
0.0287311
0.0287024
0.0286737
0.028645
0.0286163
0.0285877
0.0285591
0.0285306
0.0285021
0.0284736
0.0284451
0.0284166
0.0283882
0.0283598
0.0283315
0.0283031
0.0282748
0.0282466
0.0282183
0.0281901
0.0281619
0.0281337
0.0281056
0.0280775
0.0280494
0.0280214
0.0279934
0.0279654
0.0279374
0.0279095
0.0278815
0.0278537
0.0278258
0.027798
0.0277702
0.0277424
0.0277147
0.027687
0.0276593
0.0276316
0.027604
0.0275764
0.0275488
0.0275213
0.0274937
0.0274662
0.0274388
0.0274113
0.0273839
0.0273565
0.0273292
0.0273019
0.0272746
0.0272473
0.02722
0.0271928
0.0271656
0.0271385
0.0271113
0.0270842
0.0270571
0.0270301
0.027003
0.026976
0.0269491
0.0269221
0.0268952
0.0268683
0.0268414
0.0268146
0.0267878
0.026761
0.0267342
0.0267075
0.0266808
0.0266541
0.0266274
0.0266008
0.0265742
0.0265476
0.0265211
0.0264946
0.0264681
0.0264416
0.0264152
0.0263887
0.0263624
0.026336
0.0263097
0.0262833
0.0262571
0.0262308
0.0262046
0.0261784
0.0261522
0.026126
0.0260999
0.0260738
0.0260477
0.0260217
0.0259957
0.0259697
0.0259437
0.0259178
0.0258918
0.025866
0.0258401
0.0258142
0.0257884
0.0257626
0.0257369
0.0257111
0.0256854
0.0256597
0.0256341
0.0256085
0.0255828
0.0255573
0.0255317
0.0255062
0.0254807
0.0254552
0.0254297
0.0254043
0.0253789
0.0253535
0.0253282
0.0253028
0.0252775
0.0252523
0.025227
0.0252018
0.0251766
0.0251514
0.0251262
0.0251011
0.025076
0.0250509
0.0250259
0.0250009
0.0249759
0.0249509
0.0249259
0.024901
0.0248761
0.0248512
0.0248264
0.0248016
0.0247768
0.024752
0.0247272
0.0247025
0.0246778
0.0246531
0.0246285
0.0246038
0.0245792
0.0245547
0.0245301
0.0245056
0.0244811
0.0244566
0.0244321
0.0244077
0.0243833
0.0243589
0.0243345
0.0243102
0.0242859
0.0242616
0.0242374
0.0242131
0.0241889
0.0241647
0.0241406
0.0241164
0.0240923
0.0240682
0.0240441
0.0240201
0.0239961
0.0239721
0.0239481
0.0239242
0.0239002
0.0238763
0.0238525
0.0238286
0.0238048
0.023781
0.0237572
0.0237334
0.0237097
0.023686
0.0236623
0.0236386
0.023615
0.0235914
0.0235678
0.0235442
0.0235207
0.0234972
0.0234737
0.0234502
0.0234267
0.0234033
0.0233799
0.0233565
0.0233332
0.0233098
0.0232865
0.0232632
0.02324
0.0232167
0.0231935
0.0231703
0.0231472
0.023124
0.0231009
0.0230778
0.0230547
0.0230317
0.0230086
0.0229856
0.0229626
0.0229397
0.0229167
0.0228938
0.0228709
0.022848
0.0228252
0.0228024
0.0227796
0.0227568
0.022734
0.0227113
0.0226886
0.0226659
0.0226432
0.0226206
0.022598
0.0225754
0.0225528
0.0225302
0.0225077
0.0224852
0.0224627
0.0224403
0.0224178
0.0223954
0.022373
0.0223506
0.0223283
0.022306
0.0222836
0.0222614
0.0222391
0.0222169
0.0221946
0.0221724
0.0221503
0.0221281
0.022106
0.0220839
0.0220618
0.0220397
0.0220177
0.0219957
0.0219737
0.0219517
0.0219298
0.0219078
0.0218859
0.021864
0.0218422
0.0218203
0.0217985
0.0217767
0.0217549
0.0217332
0.0217115
0.0216897
0.0216681
0.0216464
0.0216247
0.0216031
0.0215815
0.0215599
0.0215384
0.0215168
0.0214953
0.0214738
0.0214523
0.0214309
0.0214095
0.0213881
0.0213667
0.0213453
0.021324
0.0213026
0.0212813
0.02126
0.0212388
0.0212175
0.0211963
0.0211751
0.021154
0.0211328
0.0211117
0.0210906
0.0210695
0.0210484
0.0210274
0.0210063
0.0209853
0.0209643
0.0209434
0.0209224
0.0209015
0.0208806
0.0208597
0.0208389
0.020818
0.0207972
0.0207764
0.0207556
0.0207349
0.0207141
0.0206934
0.0206727
0.0206521
0.0206314
0.0206108
0.0205902
0.0205696
0.020549
0.0205285
0.0205079
0.0204874
0.0204669
0.0204465
0.020426
0.0204056
0.0203852
0.0203648
0.0203444
0.0203241
0.0203038
0.0202835
0.0202632
0.0202429
0.0202227
0.0202025
0.0201822
0.0201621
0.0201419
0.0201218
0.0201016
0.0200815
0.0200615
0.0200414
0.0200214
0.0200013
0.0199813
0.0199614
0.0199414
0.0199214
0.0199015
0.0198816
0.0198617
0.0198419
0.019822
0.0198022
0.0197824
0.0197626
0.0197429
0.0197231
0.0197034
0.0196837
0.019664
0.0196444
0.0196247
0.0196051
0.0195855
0.0195659
0.0195463
0.0195268
0.0195073
0.0194877
0.0194683
0.0194488
0.0194293
0.0194099
0.0193905
0.0193711
0.0193517
0.0193324
0.0193131
0.0192937
0.0192745
0.0192552
0.0192359
0.0192167
0.0191975
0.0191783
0.0191591
0.0191399
0.0191208
0.0191017
0.0190826
0.0190635
0.0190444
0.0190254
0.0190064
0.0189873
0.0189684
0.0189494
0.0189304
0.0189115
0.0188926
0.0188737
0.0188548
0.018836
0.0188171
0.0187983
0.0187795
0.0187608
0.018742
0.0187232
0.0187045
0.0186858
0.0186671
0.0186485
0.0186298
0.0186112
0.0185926
0.018574
0.0185554
0.0185369
0.0185183
0.0184998
0.0184813
0.0184628
0.0184444
0.0184259
0.0184075
0.0183891
0.0183707
0.0183523
0.018334
0.0183156
0.0182973
0.018279
0.0182607
0.0182425
0.0182242
0.018206
0.0181878
0.0181696
0.0181514
0.0181333
0.0181152
0.018097
0.018079
0.0180609
0.0180428
0.0180248
0.0180067
0.0179887
0.0179708
0.0179528
0.0179348
0.0179169
0.017899
0.0178811
0.0178632
0.0178453
0.0178275
0.0178097
0.0177918
0.0177741
0.0177563
0.0177385
0.0177208
0.0177031
0.0176854
0.0176677
0.01765
0.0176324
0.0176147
0.0175971
0.0175795
0.0175619
0.0175444
0.0175268
0.0175093
0.0174918
0.0174743
0.0174568
0.0174394
0.0174219
0.0174045
0.0173871
0.0173697
0.0173523
0.017335
0.0173177
0.0173003
0.017283
0.0172658
0.0172485
0.0172312
0.017214
0.0171968
0.0171796
0.0171624
0.0171453
0.0171281
0.017111
0.0170939
0.0170768
0.0170597
0.0170426
0.0170256
0.0170086
0.0169916
0.0169746
0.0169576
0.0169406
0.0169237
0.0169068
0.0168899
0.016873
0.0168561
0.0168393
0.0168224
0.0168056
0.0167888
0.016772
0.0167552
0.0167385
0.0167217
0.016705
0.0166883
0.0166716
0.0166549
0.0166383
0.0166217
0.016605
0.0165884
0.0165718
0.0165553
0.0165387
0.0165222
0.0165057
0.0164891
0.0164727
0.0164562
0.0164397
0.0164233
0.0164069
0.0163905
0.0163741
0.0163577
0.0163413
0.016325
0.0163087
0.0162924
0.0162761
0.0162598
0.0162435
0.0162273
0.0162111
0.0161949
0.0161787
0.0161625
0.0161463
0.0161302
0.016114
0.0160979
0.0160818
0.0160657
0.0160497
0.0160336
0.0160176
0.0160016
0.0159856
0.0159696
0.0159536
0.0159377
0.0159217
0.0159058
0.0158899
0.015874
0.0158581
0.0158423
0.0158264
0.0158106
0.0157948
0.015779
0.0157632
0.0157475
0.0157317
0.015716
0.0157003
0.0156846
0.0156689
0.0156532
0.0156376
0.0156219
0.0156063
0.0155907
0.0155751
0.0155595
0.015544
0.0155284
0.0155129
0.0154974
0.0154819
0.0154664
0.0154509
0.0154355
0.0154201
0.0154046
0.0153892
0.0153738
0.0153585
0.0153431
0.0153278
0.0153124
0.0152971
0.0152818
0.0152665
0.0152513
0.015236
0.0152208
0.0152056
0.0151904
0.0151752
0.01516
0.0151448
0.0151297
0.0151146
0.0150995
0.0150844
0.0150693
0.0150542
0.0150391
0.0150241
0.0150091
0.0149941
0.0149791
0.0149641
0.0149491
0.0149342
0.0149193
0.0149043
0.0148894
0.0148745
0.0148597
0.0148448
0.01483
0.0148151
0.0148003
0.0147855
0.0147707
0.014756
0.0147412
0.0147265
0.0147117
0.014697
0.0146823
0.0146676
0.014653
0.0146383
0.0146237
0.0146091
0.0145945
0.0145799
0.0145653
0.0145507
0.0145362
0.0145216
0.0145071
0.0144926
0.0144781
0.0144636
0.0144492
0.0144347
0.0144203
0.0144059
0.0143915
0.0143771
0.0143627
0.0143483
0.014334
0.0143196
0.0143053
0.014291
0.0142767
0.0142624
0.0142482
0.0142339
0.0142197
0.0142055
0.0141913
0.0141771
0.0141629
0.0141487
0.0141346
0.0141205
0.0141063
0.0140922
0.0140781
0.0140641
0.01405
0.0140359
0.0140219
0.0140079
0.0139939
0.0139799
0.0139659
0.0139519
0.013938
0.0139241
0.0139101
0.0138962
0.0138823
0.0138684
0.0138546
0.0138407
0.0138269
0.0138131
0.0137992
0.0137854
0.0137717
0.0137579
0.0137441
0.0137304
0.0137166
0.0137029
0.0136892
0.0136755
0.0136619
0.0136482
0.0136346
0.0136209
0.0136073
0.0135937
0.0135801
0.0135665
0.013553
0.0135394
0.0135259
0.0135123
0.0134988
0.0134853
0.0134718
0.0134584
0.0134449
0.0134315
0.013418
0.0134046
0.0133912
0.0133778
0.0133644
0.0133511
0.0133377
0.0133244
0.0133111
0.0132977
0.0132845
0.0132712
0.0132579
0.0132446
0.0132314
0.0132182
0.0132049
0.0131917
0.0131785
0.0131654
0.0131522
0.0131391
0.0131259
0.0131128
0.0130997
0.0130866
0.0130735
0.0130604
0.0130474
0.0130343
0.0130213
0.0130083
0.0129952
0.0129822
0.0129693
0.0129563
0.0129433
0.0129304
0.0129175
0.0129045
0.0128916
0.0128788
0.0128659
0.012853
0.0128402
0.0128273
0.0128145
0.0128017
0.0127889
0.0127761
0.0127633
0.0127505
0.0127378
0.0127251
0.0127123
0.0126996
0.0126869
0.0126742
0.0126616
0.0126489
0.0126362
0.0126236
0.012611
0.0125984
0.0125858
0.0125732
0.0125606
0.0125481
0.0125355
0.012523
0.0125105
0.0124979
0.0124854
0.012473
0.0124605
0.012448
0.0124356
0.0124231
0.0124107
0.0123983
0.0123859
0.0123735
0.0123611
0.0123488
0.0123364
0.0123241
0.0123118
0.0122995
0.0122872
0.0122749
0.0122626
0.0122503
0.0122381
0.0122259
0.0122136
0.0122014
0.0121892
0.012177
0.0121648
0.0121527
0.0121405
0.0121284
0.0121163
0.0121041
0.012092
0.0120799
0.0120679
0.0120558
0.0120437
0.0120317
0.0120197
0.0120076
0.0119956
0.0119836
0.0119717
0.0119597
0.0119477
0.0119358
0.0119238
0.0119119
0.0119
0.0118881
0.0118762
0.0118643
0.0118525
0.0118406
0.0118288
0.011817
0.0118051
0.0117933
0.0117815
0.0117698
0.011758
0.0117462
0.0117345
0.0117228
0.011711
0.0116993
0.0116876
0.0116759
0.0116643
0.0116526
0.0116409
0.0116293
0.0116177
0.0116061
0.0115944
0.0115829
0.0115713
0.0115597
0.0115481
0.0115366
0.0115251
0.0115135
0.011502
0.0114905
0.011479
0.0114675
0.0114561
0.0114446
0.0114332
0.0114217
0.0114103
0.0113989
0.0113875
0.0113761
0.0113647
0.0113534
0.011342
0.0113307
0.0113194
0.011308
0.0112967
0.0112854
0.0112741
0.0112629
0.0112516
0.0112404
0.0112291
0.0112179
0.0112067
0.0111955
0.0111843
0.0111731
0.0111619
0.0111508
0.0111396
0.0111285
0.0111173
0.0111062
0.0110951
0.011084
0.0110729
0.0110619
0.0110508
0.0110397
0.0110287
0.0110177
0.0110067
0.0109957
0.0109847
0.0109737
0.0109627
0.0109517
0.0109408
0.0109298
0.0109189
0.010908
0.0108971
0.0108862
0.0108753
0.0108644
0.0108536
0.0108427
0.0108319
0.010821
0.0108102
0.0107994
0.0107886
0.0107778
0.010767
0.0107563
0.0107455
0.0107348
0.010724
0.0107133
0.0107026
0.0106919
0.0106812
0.0106705
0.0106598
0.0106492
0.0106385
0.0106279
0.0106173
0.0106067
0.010596
0.0105855
0.0105749
0.0105643
0.0105537
0.0105432
0.0105326
0.0105221
0.0105116
0.0105011
0.0104906
0.0104801
0.0104696
0.0104591
0.0104487
0.0104382
0.0104278
0.0104174
0.0104069
0.0103965
0.0103861
0.0103757
0.0103654
0.010355
0.0103446
0.0103343
0.010324
0.0103136
0.0103033
0.010293
0.0102827
0.0102725
0.0102622
0.0102519
0.0102417
0.0102314
0.0102212
0.010211
0.0102008
0.0101906
0.0101804
0.0101702
0.01016
0.0101499
0.0101397
0.0101296
0.0101194
0.0101093
0.0100992
0.0100891
0.010079
0.0100689
0.0100589
0.0100488
0.0100388
0.0100287
0.0100187
0.0100087
0.00999867
